1 10
100 200
201 210
900 1000
50 1
50 2
50 3
50 4
50 5
50 6
50 7
50 8
50 9
49 1
49 2
49 3
49 4
49 5
49 6
49 7
49 8
49 9
48 1
48 2
48 3
48 4
48 5
48 6
48 7
48 8
48 9
47 1
47 2
47 3
47 4
47 5
47 6
47 7
47 8
47 9
46 1
46 2
46 3
46 4
46 5
46 6
46 7
46 8
46 9
45 1
45 2
45 3
45 4
45 5
45 6
45 7
45 8
45 9
44 1
44 2
44 3
44 4
44 5
44 6
44 7
44 8
44 9
43 1
43 2
43 3
43 4
43 5
43 6
43 7
43 8
43 9
42 1
42 2
42 3
42 4
42 5
42 6
42 7
42 8
42 9
41 1
41 2
41 3
41 4
41 5
41 6
41 7
41 8
41 9
40 1
40 2
40 3
40 4
40 5
40 6
40 7
40 8
40 9
39 1
39 2
39 3
39 4
39 5
39 6
39 7
39 8
39 9
38 1
38 2
38 3
38 4
38 5
38 6
38 7
38 8
38 9
37 1
37 2
37 3
37 4
37 5
37 6
37 7
37 8
37 9
36 1
36 2
36 3
36 4
36 5
36 6
36 7
36 8
36 9
35 1
35 2
35 3
35 4
35 5
35 6
35 7
35 8
35 9
34 1
34 2
34 3
34 4
34 5
34 6
34 7
34 8
34 9
33 1
33 2
33 3
33 4
33 5
33 6
33 7
33 8
33 9
32 1
32 2
32 3
32 4
32 5
32 6
32 7
32 8
32 9
31 1
31 2
31 3
31 4
31 5
31 6
31 7
31 8
31 9
30 1
30 2
30 3
30 4
30 5
30 6
30 7
30 8
30 9
29 1
29 2
29 3
29 4
29 5
29 6
29 7
29 8
29 9
28 1
28 2
28 3
28 4
28 5
28 6
28 7
28 8
28 9
27 1
27 2
27 3
27 4
27 5
27 6
27 7
27 8
27 9
26 1
26 2
26 3
26 4
26 5
26 6
26 7
26 8
26 9
25 1
25 2
25 3
25 4
25 5
25 6
25 7
25 8
25 9
24 1
24 2
24 3
24 4
24 5
24 6
24 7
24 8
24 9
23 1
23 2
23 3
23 4
23 5
23 6
23 7
23 8
23 9
22 1
22 2
22 3
22 4
22 5
22 6
22 7
22 8
22 9
21 1
21 2
21 3
21 4
21 5
21 6
21 7
21 8
21 9
20 1
20 2
20 3
20 4
20 5
20 6
20 7
20 8
20 9
19 1
19 2
19 3
19 4
19 5
19 6
19 7
19 8
19 9
18 1
18 2
18 3
18 4
18 5
18 6
18 7
18 8
18 9
17 1
17 2
17 3
17 4
17 5
17 6
17 7
17 8
17 9
16 1
16 2
16 3
16 4
16 5
16 6
16 7
16 8
16 9
15 1
15 2
15 3
15 4
15 5
15 6
15 7
15 8
15 9
14 1
14 2
14 3
14 4
14 5
14 6
14 7
14 8
14 9
13 1
13 2
13 3
13 4
13 5
13 6
13 7
13 8
13 9
12 1
12 2
12 3
12 4
12 5
12 6
12 7
12 8
12 9
11 1
11 2
11 3
11 4
11 5
11 6
11 7
11 8
11 9
10 1
10 2
10 3
10 4
10 5
10 6
10 7
10 8
10 9
9 1
9 2
9 3
9 4
9 5
9 6
9 7
9 8
9 9
8 1
8 2
8 3
8 4
8 5
8 6
8 7
8 8
8 9
7 1
7 2
7 3
7 4
7 5
7 6
7 7
7 8
7 9
6 1
6 2
6 3
6 4
6 5
6 6
6 7
6 8
6 9
5 1
5 2
5 3
5 4
5 5
5 6
5 7
5 8
5 9
4 1
4 2
4 3
4 4
4 5
4 6
4 7
4 8
4 9
3 1
3 2
3 3
3 4
3 5
3 6
3 7
3 8
3 9
2 1
2 2
2 3
2 4
2 5
2 6
2 7
2 8
2 9
1 1
1 2
1 3
1 4
1 5
1 6
1 7
1 8
1 9
34556 40000
34556 40011
34556 40022
34556 40033
34556 40044
34556 40055
34556 40066
34556 40077
34556 40088
34556 40099
34556 40110
34556 40121
34556 40132
34556 40143
34556 40154
34556 40165
34556 40176
34556 40187
34556 40198
34556 40209
34556 40220
34556 40231
34556 40242
34556 40253
34556 40264
34556 40275
34556 40286
34556 40297
34556 40308
34556 40319
34556 40330
34556 40341
34556 40352
34556 40363
34556 40374
34556 40385
34556 40396
34556 40407
34556 40418
34556 40429
34556 40440
34556 40451
34556 40462
34556 40473
34556 40484
34556 40495
34579 40000
34579 40011
34579 40022
34579 40033
34579 40044
34579 40055
34579 40066
34579 40077
34579 40088
34579 40099
34579 40110
34579 40121
34579 40132
34579 40143
34579 40154
34579 40165
34579 40176
34579 40187
34579 40198
34579 40209
34579 40220
34579 40231
34579 40242
34579 40253
34579 40264
34579 40275
34579 40286
34579 40297
34579 40308
34579 40319
34579 40330
34579 40341
34579 40352
34579 40363
34579 40374
34579 40385
34579 40396
34579 40407
34579 40418
34579 40429
34579 40440
34579 40451
34579 40462
34579 40473
34579 40484
34579 40495
34602 40000
34602 40011
34602 40022
34602 40033
34602 40044
34602 40055
34602 40066
34602 40077
34602 40088
34602 40099
34602 40110
34602 40121
34602 40132
34602 40143
34602 40154
34602 40165
34602 40176
34602 40187
34602 40198
34602 40209
34602 40220
34602 40231
34602 40242
34602 40253
34602 40264
34602 40275
34602 40286
34602 40297
34602 40308
34602 40319
34602 40330
34602 40341
34602 40352
34602 40363
34602 40374
34602 40385
34602 40396
34602 40407
34602 40418
34602 40429
34602 40440
34602 40451
34602 40462
34602 40473
34602 40484
34602 40495
34625 40000
34625 40011
34625 40022
34625 40033
34625 40044
34625 40055
34625 40066
34625 40077
34625 40088
34625 40099
34625 40110
34625 40121
34625 40132
34625 40143
34625 40154
34625 40165
34625 40176
34625 40187
34625 40198
34625 40209
34625 40220
34625 40231
34625 40242
34625 40253
34625 40264
34625 40275
34625 40286
34625 40297
34625 40308
34625 40319
34625 40330
34625 40341
34625 40352
34625 40363
34625 40374
34625 40385
34625 40396
34625 40407
34625 40418
34625 40429
34625 40440
34625 40451
34625 40462
34625 40473
34625 40484
34625 40495
34648 40000
34648 40011
34648 40022
34648 40033
34648 40044
34648 40055
34648 40066
34648 40077
34648 40088
34648 40099
34648 40110
34648 40121
34648 40132
34648 40143
34648 40154
34648 40165
34648 40176
34648 40187
34648 40198
34648 40209
34648 40220
34648 40231
34648 40242
34648 40253
34648 40264
34648 40275
34648 40286
34648 40297
34648 40308
34648 40319
34648 40330
34648 40341
34648 40352
34648 40363
34648 40374
34648 40385
34648 40396
34648 40407
34648 40418
34648 40429
34648 40440
34648 40451
34648 40462
34648 40473
34648 40484
34648 40495
34671 40000
34671 40011
34671 40022
34671 40033
34671 40044
34671 40055
34671 40066
34671 40077
34671 40088
34671 40099
34671 40110
34671 40121
34671 40132
34671 40143
34671 40154
34671 40165
34671 40176
34671 40187
34671 40198
34671 40209
34671 40220
34671 40231
34671 40242
34671 40253
34671 40264
34671 40275
34671 40286
34671 40297
34671 40308
34671 40319
34671 40330
34671 40341
34671 40352
34671 40363
34671 40374
34671 40385
34671 40396
34671 40407
34671 40418
34671 40429
34671 40440
34671 40451
34671 40462
34671 40473
34671 40484
34671 40495
34694 40000
34694 40011
34694 40022
34694 40033
34694 40044
34694 40055
34694 40066
34694 40077
34694 40088
34694 40099
34694 40110
34694 40121
34694 40132
34694 40143
34694 40154
34694 40165
34694 40176
34694 40187
34694 40198
34694 40209
34694 40220
34694 40231
34694 40242
34694 40253
34694 40264
34694 40275
34694 40286
34694 40297
34694 40308
34694 40319
34694 40330
34694 40341
34694 40352
34694 40363
34694 40374
34694 40385
34694 40396
34694 40407
34694 40418
34694 40429
34694 40440
34694 40451
34694 40462
34694 40473
34694 40484
34694 40495
34717 40000
34717 40011
34717 40022
34717 40033
34717 40044
34717 40055
34717 40066
34717 40077
34717 40088
34717 40099
34717 40110
34717 40121
34717 40132
34717 40143
34717 40154
34717 40165
34717 40176
34717 40187
34717 40198
34717 40209
34717 40220
34717 40231
34717 40242
34717 40253
34717 40264
34717 40275
34717 40286
34717 40297
34717 40308
34717 40319
34717 40330
34717 40341
34717 40352
34717 40363
34717 40374
34717 40385
34717 40396
34717 40407
34717 40418
34717 40429
34717 40440
34717 40451
34717 40462
34717 40473
34717 40484
34717 40495
34740 40000
34740 40011
34740 40022
34740 40033
34740 40044
34740 40055
34740 40066
34740 40077
34740 40088
34740 40099
34740 40110
34740 40121
34740 40132
34740 40143
34740 40154
34740 40165
34740 40176
34740 40187
34740 40198
34740 40209
34740 40220
34740 40231
34740 40242
34740 40253
34740 40264
34740 40275
34740 40286
34740 40297
34740 40308
34740 40319
34740 40330
34740 40341
34740 40352
34740 40363
34740 40374
34740 40385
34740 40396
34740 40407
34740 40418
34740 40429
34740 40440
34740 40451
34740 40462
34740 40473
34740 40484
34740 40495
34763 40000
34763 40011
34763 40022
34763 40033
34763 40044
34763 40055
34763 40066
34763 40077
34763 40088
34763 40099
34763 40110
34763 40121
34763 40132
34763 40143
34763 40154
34763 40165
34763 40176
34763 40187
34763 40198
34763 40209
34763 40220
34763 40231
34763 40242
34763 40253
34763 40264
34763 40275
34763 40286
34763 40297
34763 40308
34763 40319
34763 40330
34763 40341
34763 40352
34763 40363
34763 40374
34763 40385
34763 40396
34763 40407
34763 40418
34763 40429
34763 40440
34763 40451
34763 40462
34763 40473
34763 40484
34763 40495
34786 40000
34786 40011
34786 40022
34786 40033
34786 40044
34786 40055
34786 40066
34786 40077
34786 40088
34786 40099
34786 40110
34786 40121
34786 40132
34786 40143
34786 40154
34786 40165
34786 40176
34786 40187
34786 40198
34786 40209
34786 40220
34786 40231
34786 40242
34786 40253
34786 40264
34786 40275
34786 40286
34786 40297
34786 40308
34786 40319
34786 40330
34786 40341
34786 40352
34786 40363
34786 40374
34786 40385
34786 40396
34786 40407
34786 40418
34786 40429
34786 40440
34786 40451
34786 40462
34786 40473
34786 40484
34786 40495
34809 40000
34809 40011
34809 40022
34809 40033
34809 40044
34809 40055
34809 40066
34809 40077
34809 40088
34809 40099
34809 40110
34809 40121
34809 40132
34809 40143
34809 40154
34809 40165
34809 40176
34809 40187
34809 40198
34809 40209
34809 40220
34809 40231
34809 40242
34809 40253
34809 40264
34809 40275
34809 40286
34809 40297
34809 40308
34809 40319
34809 40330
34809 40341
34809 40352
34809 40363
34809 40374
34809 40385
34809 40396
34809 40407
34809 40418
34809 40429
34809 40440
34809 40451
34809 40462
34809 40473
34809 40484
34809 40495
34832 40000
34832 40011
34832 40022
34832 40033
34832 40044
34832 40055
34832 40066
34832 40077
34832 40088
34832 40099
34832 40110
34832 40121
34832 40132
34832 40143
34832 40154
34832 40165
34832 40176
34832 40187
34832 40198
34832 40209
34832 40220
34832 40231
34832 40242
34832 40253
34832 40264
34832 40275
34832 40286
34832 40297
34832 40308
34832 40319
34832 40330
34832 40341
34832 40352
34832 40363
34832 40374
34832 40385
34832 40396
34832 40407
34832 40418
34832 40429
34832 40440
34832 40451
34832 40462
34832 40473
34832 40484
34832 40495
