1 1
1 1000000
469035 803823
116388 233150
296850 86292
405396 868588
782496 511137
482059 421362
874059 909047
532370 723220
71218 30284
352049 293515
857745 270950
700168 107480
5543 479670
427905 407623
38412 513403
714839 618089
694201 511389
162724 354870
903193 436835
155921 985993
345559 356786
825978 772363
173827 864899
670893 979468
205467 5590
938929 289050
684483 970547
818008 247678
941647 232291
165130 333043
161927 936413
479550 942724
931775 523811
385367 474565
369373 999917
302880 846839
295889 325115
139823 466693
301704 3241
691080 317164
151634 837303
794667 335893
814197 733137
543278 459544
261184 871049
5091 404200
674943 63453
405745 331914
264469 948150
815478 586353
734423 525801
561763 825510
214344 390011
335054 543688
930180 33626
973979 571689
249096 393361
84832 41606
608817 597798
719433 571071
906818 773551
843124 48827
346966 609209
644262 443725
231541 56715
505310 967458
611581 55229
116803 128831
141259 519485
650064 38739
222017 939747
329825 621871
962760 209668
700280 622595
119456 502108
963890 313634
401505 172832
527011 237955
990417 576833
794548 270009
749116 572217
728637 281692
88781 785832
222390 798807
132289 547322
78600 900455
127813 51619
681937 809935
863213 439929
732051 296860
617775 260876
777435 137640
339040 400350
698819 307805
646329 615658
819580 112128
75586 983289
392652 954528
117751 592541
457661 432835
13136 865862
775618 985146
537751 710959
864438 931077
57916 892697
994052 466207
72381 841073
751404 246050
409098 346230
395714 529892
786242 596980
345335 294658
661035 975242
914495 988819
987271 753880
104364 431079
582791 682492
875625 604991
858006 650584
128170 814639
174688 831471
551178 300162
54202 764264
936120 549557
113595 90897
52978 181127
825115 819980
101225 298344
959481 337675
87801 729434
529557 634609
71793 869442
747288 846637
173573 140133
646124 424193
223375 689948
478166 722754
90509 394351
697104 732303
508202 715765
912406 649643
574924 116014
232604 844316
709269 338531
984269 95017
26234 821651
822632 661159
881889 719428
919441 433019
441781 672627
632423 964132
122359 587714
941526 346874
185190 355475
216201 156830
745021 798435
327631 444970
996429 20413
65984 604370
98682 355828
452814 935056
989328 697595
531876 747437
257472 641732
463610 359474
12562 291611
895620 528335
890819 731988
592241 44201
463371 432919
361421 307214
100168 44102
636095 947474
781901 957802
452201 153607
415710 952131
873405 727532
351987 345898
852546 381794
4698 30788
461486 792275
941199 849064
12058 255269
426265 798045
468194 239021
627357 480715
240790 956745
493480 78505
923636 697457
346947 199186
975942 164802
872830 703362
53375 949106
6791 620747
277600 965397
87356 546445
745433 682859
467829 564935
850150 130693
226747 473148
324012 660585
26926 626098
980823 331683
331669 383006
909059 635939
518290 317167
556176 614297
573591 545464
243080 666271
23479 989673
811541 376725
302910 272049
975199 540597
695309 980834
195440 330975
286852 715096
814057 323971
785457 725001
918026 540032
289714 868404
717267 149627
234754 28303
361531 205459
670148 129435
648886 758908
375235 705652
400296 633916
506101 625534
718698 104942
905963 541796
387919 250576
909743 643061
111661 232435
43696 809878
954788 177114
368494 797361
65215 58630
778840 813238
904877 733087
814641 245039
390518 934846
486641 84651
964426 131051
114121 24791
300369 427980
669538 54319
960574 307229
656928 76039
793422 348470
172825 429257
878810 493118
816210 569058
596786 762680
479156 59301
187532 654386
402372 36647
64931 375062
317621 483448
846831 411258
474730 311996
446991 481701
272024 605760
972372 71910
691501 43580
620594 484575
948167 259276
224922 695343
433333 516068
20954 708251
13103 53734
900865 363309
750134 511217
512430 471388
325801 400737
39241 34973
929091 489815
896267 77320
147435 717028
58241 747253
523026 585983
507249 682268
96407 674154
608097 987525
95829 816679
50578 316399
688643 760714
742936 630116
597864 62970
701596 791502
674560 140257
180688 711184
306877 474278
943236 676828
396762 410212
699773 720283
243234 957537
171134 673949
583034 997930
866950 813224
496317 780977
270507 894348
116714 525044
485282 375984
94693 43680
356952 91182
458585 230110
427607 126092
534666 898912
115466 271316
701921 360443
83898 833609
271817 217328
540267 483639
316019 370163
892739 529648
133326 232841
189533 788591
28251 761399
821732 203144
682027 705893
422011 562038
375488 240668
373489 205817
520181 689322
7387 402858
507194 52383
222350 847507
252508 185552
235874 931624
221738 953908
992914 469259
696132 195648
588993 120123
899748 11431
307451 870168
604263 60438
18856 512214
975901 819425
335225 867006
406796 453693
121589 811740
325701 316963
982654 979532
561098 140019
516164 547762
185891 658020
867159 234882
247874 894633
698361 630752
845792 769915
713287 153283
2245 764626
246192 93406
357858 84854
574675 979264
970771 796775
117085 971473
689170 809053
909625 712444
123097 808516
270573 457354
909415 509044
104420 976559
644012 184869
469918 801347
158548 375588
319732 906647
927799 324551
429370 244882
543079 836296
368051 775155
248568 246045
786778 408264
441045 206259
760415 599320
320775 180488
640202 610143
695033 788571
628788 976124
264852 399347
827222 799576
329908 975016
559794 531839
768425 949411
629048 22822
233077 685398
530577 392536
460735 86557
687751 287556
620884 722150
502683 706494
766264 868526
768342 228088
332633 371657
655062 366599
236123 5951
250271 813367
384972 429872
54691 876306
746807 143166
309685 811393
137084 748191
484715 104172
986938 292985
858338 310868
360021 124945
435594 780113
503878 48188
125205 339927
279233 805726
141597 784385
564847 946912
545288 468803
75657 557751
277844 881661
993278 222951
647229 335786
448473 47552
482439 51696
357323 343540
602982 258217
470704 73642
765538 742278
711788 156498
694679 703302
55327 360659
634542 451350
270066 34177
93341 574677
105306 477897
33945 989211
812411 330132
314125 338605
154689 436537
534371 435328
937271 24945
625870 680470
407012 207134
900483 970945
733468 125008
14655 93454
50680 429829
27721 641419
874611 452243
411691 369508
576671 790156
122411 97144
589695 577472
8357 541845
287110 498981
563389 95553
597177 347147
13486 84885
177539 380041
968888 64837
213037 860160
952911 437019
733034 550590
909850 474171
153715 722681
694975 48021
765133 994168
540416 66308
878775 36056
172013 262416
839667 991042
944183 272358
38100 956000
903706 479271
671865 896152
286956 815499
898937 26828
600222 574759
955047 212502
74877 96382
635411 106612
462968 39152
402042 359265
676375 216187
164696 864969
800244 37869
293271 17010
868523 41157
854630 295522
147122 153782
453610 734650
976001 206016
866918 906732
353897 524896
860251 355238
134754 818082
632862 816510
220793 514908
614491 587156
907008 737298
668274 105796
635854 556484
347824 113823
95117 330247
709119 569046
813048 718113
498584 617501
721349 172165
59232 118467
797297 997893
449380 392511
727800 604454
290075 440569
591575 64738
769599 499154
965475 938733
254571 626292
621091 501768
513498 947331
38850 747147
662942 228029
940978 16434
744692 681088
329674 607484
234666 96566
998326 696251
938731 859670
748210 21757
485991 866176
538649 586554
327444 844288
654620 884738
727962 336921
152766 197665
716287 102008
67689 837153
382191 8521
696128 937213
35711 834628
112141 993470
471460 126545
439361 901462
311243 203270
967686 799935
181656 741532
690520 779089
409081 255815
53412 189803
867266 382849
478267 9852
531605 592674
847869 701640
273899 584319
342504 619903
904357 633357
598260 192451
227132 543018
774981 700223
639726 134172
577459 996081
923416 235489
89093 414901
918819 188630
764685 367422
415708 5394
981230 264372
999803 660824
658767 172052
552077 258090
500100 700926
966515 768250
899595 966743
895242 239816
190158 393695
860520 148875
211039 242083
768240 249824
397705 107118
791222 937192
411303 58004
881167 168718
851505 415897
271643 592871
819729 771544
95136 489873
838566 277105
738034 932118
69494 531680
861697 765776
395794 449286
341517 297902
800616 716952
636202 598700
180407 554310
788907 294864
910155 735725
914307 938461
520131 349764
332630 624006
941731 947928
220411 216939
161863 407523
376765 132314
739629 905744
819508 93730
666590 172307
311154 846404
755987 846038
876773 987267
223374 419035
499063 153058
230859 434832
868761 671096
86806 484294
730169 635797
782009 846129
21816 988
284751 718277
366163 370267
109716 951576
396662 401832
639346 136291
183123 472862
641587 52546
579273 247871
154053 929072
235762 603618
777602 76717
225360 971934
258356 101825
875443 97203
637524 645514
229030 779095
704889 590982
811234 56949
295264 656671
755837 968543
540111 232428
528243 135973
321416 186535
603628 139085
888792 147796
727301 180044
257479 114389
339975 532562
219657 118750
362541 342996
640219 474966
768317 720900
248378 872348
972555 690272
165753 215159
669203 173179
177558 818144
118415 859379
58515 12229
665086 673948
139405 628291
809872 774767
247026 239179
931518 93540
445778 314548
134684 866713
658370 215766
796189 839598
956251 210904
410333 353588
280147 89547
743975 663565
893086 899285
945653 848499
887682 118880
243834 981066
648313 591037
39102 871263
475828 361158
930547 942872
854855 153519
391645 992169
385627 145277
244518 29339
337781 239776
266820 835473
98686 144479
416325 695165
583505 282135
837856 116075
318021 824341
729263 935431
36635 161205
173938 792457
536818 907824
327647 446040
883930 582732
629506 473794
539152 475400
963199 53345
890287 177193
95967 222451
694253 556195
408850 700630
293381 361053
793545 988487
913679 340319
249694 307291
764310 508786
758516 187967
371412 836951
580085 331291
384219 467312
135608 339222
680906 406924
346479 711901
329265 301196
993228 262949
855620 124424
344005 387920
237946 911775
496971 563522
595494 508813
452555 309962
457674 872245
286485 934914
926791 886509
451215 278723
670293 494745
240729 435797
939142 281232
402155 771609
454481 431347
342317 703422
258761 804336
517718 488377
343988 777232
577920 605701
103291 659351
537782 695639
388785 595290
594644 729806
145816 956364
746380 612771
127921 532706
177682 156812
515980 810198
347866 397874
394557 211848
59404 30629
317758 979506
214058 923314
135766 765694
91468 967721
760432 50239
927026 670121
564603 966492
205711 445171
976356 34200
519971 404824
778138 790469
970234 17206
139705 760030
990332 844905
681037 449076
67218 375178
221936 935319
231177 596308
876809 265778
621138 67993
458889 892773
25662 237151
555967 781629
934537 16137
908339 259121
231140 468837
756755 367270
42999 3019
956357 380038
624275 835093
436588 905282
144994 412405
997281 327382
427358 912445
967005 144244
161344 31760
656893 944256
149236 878557
173328 990517
948964 224848
997810 530385
575503 190850
600430 474625
290085 394177
50569 225240
332125 368076
80967 428231
256463 880101
515796 496271
210547 718200
597386 164881
807158 255598
819497 6230
302995 341660
991222 542061
260540 420662
993935 149814
797923 140981
987484 159552
693428 274855
395087 737927
1930 59469
836096 45045
862846 99801
551762 855640
614637 126056
625945 363470
668147 592945
288711 428585
85915 377797
860152 226036
601161 434627
709480 543892
681753 784997
855009 663104
308199 170898
690530 831025
249962 708466
427390 195524
33132 761044
332793 668565
198310 640932
947472 945900
233096 312225
549691 771793
404775 921584
648175 846966
838198 568974
936137 644790
764852 870040
582687 647726
356016 492708
285862 717030
665005 98013
181344 831474
628622 797123
208992 341229
46453 343363
38972 425804
142361 848389
422884 705625
549515 407308
284642 377384
356526 670264
492166 785857
824636 63111
542358 352974
496639 643147
198477 220850
221566 95139
456935 838896
265038 440941
393774 660453
608696 498463
417054 201178
165401 228389
633146 636288
886509 383519
192983 447095
208501 95175
804927 889978
464817 818417
684923 78697
571052 684300
433789 382442
310254 853859
359217 553160
760478 897125
410373 398515
908681 6744
504623 582603
674286 313554
767875 957947
294814 223303
290194 899978
883049 15012
198696 662781
275198 291906
430939 522461
384465 344680
853019 826501
579902 272650
955731 311839
538239 271164
767242 525981
836810 9068
885218 218680
349389 181585
4892 688252
987114 477107
225737 108848
525338 530430
285047 254124
483975 343543
267509 159856
588703 9832
686874 16167
377520 968556
129262 184978
424167 863682
51261 647759
962195 954292
302426 167866
311542 927586
432805 597143
531123 906975
163909 794442
562712 963020
7523 234538
309464 28165
332603 214254
448650 225805
765865 704979
311010 259647
198766 488114
135651 465162
301134 734409
499831 64221
107753 131221
732521 824167
38817 182681
733873 59088
786346 170163
35767 775019
3333 623509
351333 411214
592596 392226
414673 486634
195123 921879
228149 444135
960682 771736
936603 17954
165890 388155
805934 345220
107445 40265
133778 415264
445230 63085
648273 287217
580819 169001
474820 882011
507714 585288
563236 988306
389886 540958
116220 453211
496552 1714
648624 674697
426826 216295
792716 477201
509667 812580
376174 316684
211349 590579
377110 597393
448929 646349
115077 472060
318443 337141
822365 300784
978457 466878
385639 643031
150356 569659
3915 215442
902391 509459
463812 696208
500081 905484
813645 900017
791223 22983
438046 264432
2005 349778
425051 233377
397767 905809
633983 446355
643016 958245
260311 505097
374726 50008
119196 638191
937523 877039
612282 545038
476813 194347
241565 492
268155 458416
593338 957823
521213 231179
126870 18976
9222 807819
833236 846290
672865 392555
241557 84881
322471 681008
6788 956419
80970 222806
502650 865837
665051 488846
569378 253928
320617 738481
353623 320019
724070 622036
525978 453671
