74 922
45 447
780 891
566 262
289 860
481 837
58 747
390 575
540 278
774 814
356 10
610 372
120 864
292 276
980 795
788 693
549 296
833 715
920 827
12 459
647 533
677 272
654 837
960 976
759 148
389 990
467 67
130 318
774 294
664 744
737 63
913 950
565 698
929 315
205 925
605 387
637 136
185 252
517 564
563 668
908 860
46 435
201 213
317 123
575 522
16 612
357 669
927 292
946 287
754 265
98 170
551 46
569 213
200 925
776 851
101 377
69 617
484 499
206 807
165 393
50 521
166 541
121 825
689 512
659 253
73 502
866 549
658 595
828 361
348 721
753 274
885 527
15 712
900 850
242 436
520 229
935 879
399 819
152 919
214 899
24 137
413 118
247 303
633 546
760 851
693 270
975 581
348 607
601 990
42 320
108 710
339 471
793 72
582 618
403 18
931 428
486 282
508 411
435 818
653 88
305 272
51 36
13 227
285 800
885 308
595 191
80 672
166 368
942 443
595 94
645 216
712 737
660 371
485 874
25 425
931 629
398 835
970 982
584 286
659 716
667 220
755 902
560 98
725 660
868 252
732 936
752 283
377 147
260 398
561 87
628 121
935 838
797 991
77 330
28 361
62 78
224 880
858 833
245 132
766 959
747 469
985 660
687 750
80 108
941 120
183 895
830 612
283 670
954 774
252 540
8 713
611 448
807 765
80 946
283 510
822 210
278 354
376 305
661 34
84 9
555 836
93 277
528 994
602 720
799 480
772 456
782 248
823 722
157 349
116 883
433 835
328 297
373 765
599 100
462 329
160 592
810 398
701 555
221 162
504 237
283 570
512 712
660 268
376 848
39 396
182 686
243 868
621 250
748 434
97 497
891 882
258 836
173 898
861 654
95 735
346 69
127 243
852 538
669 26
85 143
941 824
210 623
576 939
338 92
323 126
294 171
306 831
312 761
299 396
220 457
665 73
264 64
203 877
937 290
521 53
568 292
463 686
442 51
517 600
535 882
212 870
954 421
407 927
823 493
154 385
884 216
758 25
44 690
707 243
318 950
61 200
46 494
57 855
908 232
886 460
397 861
592 27
808 875
982 820
969 261
76 902
38 517
221 471
200 496
92 80
235 353
570 654
707 359
259 184
219 641
486 517
183 619
668 374
632 282
717 643
780 168
527 746
210 387
230 554
501 581
627 692
357 820
530 123
312 173
86 851
824 642
439 178
956 267
41 651
766 428
863 284
449 41
95 161
367 831
943 977
877 124
469 651
280 516
207 997
205 467
189 403
635 719
545 923
51 124
541 248
337 362
169 12
504 107
427 658
241 229
77 813
400 689
138 24
582 827
445 984
383 330
592 872
490 809
407 72
737 662
644 427
686 637
556 320
999 822
29 864
432 386
373 304
960 227
303 142
136 803
501 669
217 593
193 949
564 187
628 192
974 55
316 205
357 909
314 911
619 673
760 109
504 481
683 551
147 104
932 592
679 322
300 985
940 762
391 857
617 484
122 644
639 920
57 763
323 938
407 638
811 98
397 170
944 452
30 53
490 91
163 887
663 134
511 31
553 814
319 681
386 200
536 288
648 822
323 735
249 410
462 202
33 772
581 723
895 887
460 482
682 939
893 322
724 733
316 633
163 512
38 193
188 922
361 152
395 415
363 21
630 880
149 792
160 220
436 964
294 728
366 257
817 757
820 453
837 879
318 959
194 416
18 193
298 711
159 455
929 409
236 930
633 473
420 895
992 124
940 235
271 47
836 699
457 15
662 526
885 65
243 799
180 796
754 602
462 288
739 174
652 126
537 136
610 847
523 898
798 483
164 958
345 580
503 837
176 220
74 895
428 962
171 88
196 200
61 466
684 983
709 185
511 326
374 323
441 493
422 40
843 472
890 768
529 841
211 1
795 498
7 412
745 220
407 716
719 503
823 312
759 588
309 508
496 901
912 822
475 710
485 230
93 732
317 847
483 881
834 548
650 486
268 194
81 562
65 753
295 612
101 449
99 985
685 148
837 463
112 982
197 778
429 220
579 215
909 788
185 24
359 625
363 738
512 810
916 377
580 772
372 473
926 943
27 416
390 255
332 124
182 784
384 693
133 203
328 854
971 58
366 393
546 2
879 966
894 423
863 130
484 996
810 764
289 908
293 433
213 550
559 249
921 348
718 625
88 746
860 683
467 514
840 752
399 20
833 267
890 509
966 614
89 994
63 116
865 609
863 706
418 33
223 806
272 770
774 184
472 165
14 115
353 510
85 688
319 702
775 15
195 924
365 412
688 625
470 61
610 377
897 885
418 667
781 622
146 762
248 700
975 752
712 359
4 886
217 145
803 885
349 123
377 261
793 96
194 783
753 186
301 50
41 798
814 829
346 914
540 948
847 658
74 240
595 567
400 17
420 560
491 13
959 124
520 376
833 860
372 201
660 333
781 949
839 636
200 733
280 933
431 507
44 505
309 150
828 118
560 702
546 748
358 725
612 984
981 198
683 996
212 710
115 745
356 638
966 123
395 714
515 268
274 655
269 364
372 903
716 943
968 985
792 643
416 512
24 301
148 604
199 239
358 429
332 511
763 511
797 985
653 573
411 888
530 721
82 942
19 145
325 159
487 489
490 96
554 376
686 342
882 631
199 383
523 183
830 25
873 518
853 626
321 84
100 374
789 771
183 142
14 910
888 946
72 852
870 63
882 750
466 603
246 388
912 17
371 20
529 976
659 671
60 558
573 984
80 232
447 239
128 169
609 124
259 154
50 725
683 522
540 739
166 906
12 501
570 454
680 901
557 244
877 290
378 365
419 374
518 710
450 666
983 410
956 944
13 664
378 859
98 623
256 294
284 587
447 315
129 221
957 228
924 864
645 93
980 351
964 206
918 922
7 541
252 358
679 628
82 239
941 325
962 890
660 817
839 367
566 844
216 987
522 895
122 717
44 45
157 475
457 57
841 523
677 930
826 18
10 9
647 148
899 228
450 620
744 102
336 500
223 829
505 203
22 489
259 517
264 462
209 998
933 714
191 701
808 910
313 613
620 120
954 687
220 999
874 333
207 628
618 992
245 15
813 804
60 513
345 248
578 867
207 481
454 444
402 141
640 158
727 230
849 38
655 432
884 817
487 743
651 897
680 554
995 726
400 545
64 844
825 28
214 166
167 858
529 890
443 117
908 353
183 588
158 451
833 753
194 899
22 328
770 984
460 223
915 230
828 227
480 158
465 410
275 916
547 80
169 985
100 112
744 151
301 78
831 556
313 849
629 492
598 879
421 696
621 313
669 438
370 697
262 596
15 256
197 240
303 455
509 128
839 815
39 647
782 741
79 31
523 214
59 375
752 668
159 573
988 440
418 90
45 376
675 28
638 708
304 615
941 321
171 265
439 961
852 246
503 339
188 773
106 520
334 43
618 622
110 423
851 163
713 484
903 675
996 15
111 590
891 270
132 496
670 143
893 755
168 103
478 499
407 797
974 307
717 123
79 418
250 569
593 880
368 620
144 823
619 617
783 412
787 475
517 466
860 63
626 454
742 601
338 514
420 955
597 765
28 344
14 58
425 92
469 929
533 849
389 549
41 151
964 524
510 670
290 26
507 821
401 527
463 269
700 724
826 313
129 506
18 166
855 141
435 986
667 618
191 955
90 250
981 525
622 831
671 129
849 35
230 964
414 721
599 933
112 505
982 800
526 297
977 334
323 865
420 152
312 694
447 563
200 817
118 905
82 254
514 441
501 721
251 117
497 942
190 170
752 113
625 602
491 870
867 905
940 245
923 106
554 468
923 931
344 62
760 160
679 22
473 113
523 563
638 361
457 47
948 748
69 19
207 680
201 67
886 301
888 906
6 632
648 374
203 299
703 212
149 868
225 981
404 367
606 830
802 919
144 354
804 808
36 398
862 79
252 256
37 645
3 151
394 880
657 119
692 677
50 188
447 707
340 951
329 853
948 274
361 721
367 594
63 169
539 7
541 817
136 439
600 107
232 95
493 639
947 901
934 887
438 241
432 824
555 394
721 622
790 277
332 437
983 188
240 457
138 471
309 680
890 782
146 574
283 463
812 868
418 497
25 356
780 751
263 483
555 706
576 67
546 153
551 87
325 314
144 875
503 475
757 629
191 902
140 663
252 956
517 935
784 894
280 70
255 453
558 938
510 652
683 832
341 85
246 649
156 421
764 212
992 814
708 739
992 574
218 836
404 359
705 701
235 531
304 692
122 552
37 915
459 765
637 975
30 334
292 459
677 515
299 669
758 952
118 887
287 911
714 196
167 633
101 681
877 757
233 583
769 268
730 518
106 673
152 476
848 857
19 33
854 707
675 488
626 525
86 364
384 424
862 775
526 696
273 234
844 672
504 759
372 292
439 934
813 785
549 928
745 397
356 258
823 223
220 331
740 790
609 55
98 42
886 489
967 670
578 391
639 486
71 724
519 471
79 138
526 193
725 441
850 97
997 302
318 388
600 481
234 472
435 491
719 876
307 737
701 351
300 459
920 857
358 115
497 495
32 618
543 638
1 456894
4590 2748
858 93849
90909 909090
3759 234556
10294 2
5675 5675
1 1

