1 10
1000 1010
2000 2010
3000 3010
4000 4010
5000 5010
6000 6010
7000 7010
8000 8010
9000 9010
10000 10010
11000 11010
12000 12010
13000 13010
14000 14010
15000 15010
16000 16010
17000 17010
18000 18010
19000 19010
20000 20010
21000 21010
22000 22010
23000 23010
24000 24010
25000 25010
26000 26010
27000 27010
28000 28010
29000 29010
30000 30010
31000 31010
32000 32010
33000 33010
34000 34010
35000 35010
36000 36010
37000 37010
38000 38010
39000 39010
40000 40010
41000 41010
42000 42010
43000 43010
44000 44010
45000 45010
46000 46010
47000 47010
48000 48010
49000 49010
50000 50010
51000 51010
52000 52010
53000 53010
54000 54010
55000 55010
56000 56010
57000 57010
58000 58010
59000 59010
60000 60010
61000 61010
62000 62010
63000 63010
64000 64010
65000 65010
66000 66010
67000 67010
68000 68010
69000 69010
70000 70010
71000 71010
72000 72010
73000 73010
74000 74010
75000 75010
76000 76010
77000 77010
78000 78010
79000 79010
80000 80010
81000 81010
82000 82010
83000 83010
84000 84010
85000 85010
86000 86010
87000 87010
88000 88010
89000 89010
90000 90010
91000 91010
92000 92010
93000 93010
94000 94010
95000 95010
96000 96010
97000 97010
98000 98010
99000 99010
100000 100010
101000 101010
102000 102010
103000 103010
104000 104010
105000 105010
106000 106010
107000 107010
108000 108010
109000 109010
110000 110010
111000 111010
112000 112010
113000 113010
114000 114010
115000 115010
116000 116010
117000 117010
118000 118010
119000 119010
120000 120010
121000 121010
122000 122010
123000 123010
124000 124010
125000 125010
126000 126010
127000 127010
128000 128010
129000 129010
130000 130010
131000 131010
132000 132010
133000 133010
134000 134010
135000 135010
136000 136010
137000 137010
138000 138010
139000 139010
140000 140010
141000 141010
142000 142010
143000 143010
144000 144010
145000 145010
146000 146010
147000 147010
148000 148010
149000 149010
150000 150010
151000 151010
152000 152010
153000 153010
154000 154010
155000 155010
156000 156010
157000 157010
158000 158010
159000 159010
160000 160010
161000 161010
162000 162010
163000 163010
164000 164010
165000 165010
166000 166010
167000 167010
168000 168010
169000 169010
170000 170010
171000 171010
172000 172010
173000 173010
174000 174010
175000 175010
176000 176010
177000 177010
178000 178010
179000 179010
180000 180010
181000 181010
182000 182010
183000 183010
184000 184010
185000 185010
186000 186010
187000 187010
188000 188010
189000 189010
190000 190010
191000 191010
192000 192010
193000 193010
194000 194010
195000 195010
196000 196010
197000 197010
198000 198010
199000 199010
200000 200010
201000 201010
202000 202010
203000 203010
204000 204010
205000 205010
206000 206010
207000 207010
208000 208010
209000 209010
210000 210010
211000 211010
212000 212010
213000 213010
214000 214010
215000 215010
216000 216010
217000 217010
218000 218010
219000 219010
220000 220010
221000 221010
222000 222010
223000 223010
224000 224010
225000 225010
226000 226010
227000 227010
228000 228010
229000 229010
230000 230010
231000 231010
232000 232010
233000 233010
234000 234010
235000 235010
236000 236010
237000 237010
238000 238010
239000 239010
240000 240010
241000 241010
242000 242010
243000 243010
244000 244010
245000 245010
246000 246010
247000 247010
248000 248010
249000 249010
250000 250010
251000 251010
252000 252010
253000 253010
254000 254010
255000 255010
256000 256010
257000 257010
258000 258010
259000 259010
260000 260010
261000 261010
262000 262010
263000 263010
264000 264010
265000 265010
266000 266010
267000 267010
268000 268010
269000 269010
270000 270010
271000 271010
272000 272010
273000 273010
274000 274010
275000 275010
276000 276010
277000 277010
278000 278010
279000 279010
280000 280010
281000 281010
282000 282010
283000 283010
284000 284010
285000 285010
286000 286010
287000 287010
288000 288010
289000 289010
290000 290010
291000 291010
292000 292010
293000 293010
294000 294010
295000 295010
296000 296010
297000 297010
298000 298010
299000 299010
300000 300010
301000 301010
302000 302010
303000 303010
304000 304010
305000 305010
306000 306010
307000 307010
308000 308010
309000 309010
310000 310010
311000 311010
312000 312010
313000 313010
314000 314010
315000 315010
316000 316010
317000 317010
318000 318010
319000 319010
320000 320010
321000 321010
322000 322010
323000 323010
324000 324010
325000 325010
326000 326010
327000 327010
328000 328010
329000 329010
330000 330010
331000 331010
332000 332010
333000 333010
334000 334010
335000 335010
336000 336010
337000 337010
338000 338010
339000 339010
340000 340010
341000 341010
342000 342010
343000 343010
344000 344010
345000 345010
346000 346010
347000 347010
348000 348010
349000 349010
350000 350010
351000 351010
352000 352010
353000 353010
354000 354010
355000 355010
356000 356010
357000 357010
358000 358010
359000 359010
360000 360010
361000 361010
362000 362010
363000 363010
364000 364010
365000 365010
366000 366010
367000 367010
368000 368010
369000 369010
370000 370010
371000 371010
372000 372010
373000 373010
374000 374010
375000 375010
376000 376010
377000 377010
378000 378010
379000 379010
380000 380010
381000 381010
382000 382010
383000 383010
384000 384010
385000 385010
386000 386010
387000 387010
388000 388010
389000 389010
390000 390010
391000 391010
392000 392010
393000 393010
394000 394010
395000 395010
396000 396010
397000 397010
398000 398010
399000 399010
400000 400010
401000 401010
402000 402010
403000 403010
404000 404010
405000 405010
406000 406010
407000 407010
408000 408010
409000 409010
410000 410010
411000 411010
412000 412010
413000 413010
414000 414010
415000 415010
416000 416010
417000 417010
418000 418010
419000 419010
420000 420010
421000 421010
422000 422010
423000 423010
424000 424010
425000 425010
426000 426010
427000 427010
428000 428010
429000 429010
430000 430010
431000 431010
432000 432010
433000 433010
434000 434010
435000 435010
436000 436010
437000 437010
438000 438010
439000 439010
440000 440010
441000 441010
442000 442010
443000 443010
444000 444010
445000 445010
446000 446010
447000 447010
448000 448010
449000 449010
450000 450010
451000 451010
452000 452010
453000 453010
454000 454010
455000 455010
456000 456010
457000 457010
458000 458010
459000 459010
460000 460010
461000 461010
462000 462010
463000 463010
464000 464010
465000 465010
466000 466010
467000 467010
468000 468010
469000 469010
470000 470010
471000 471010
472000 472010
473000 473010
474000 474010
475000 475010
476000 476010
477000 477010
478000 478010
479000 479010
480000 480010
481000 481010
482000 482010
483000 483010
484000 484010
485000 485010
486000 486010
487000 487010
488000 488010
489000 489010
490000 490010
491000 491010
492000 492010
493000 493010
494000 494010
495000 495010
496000 496010
497000 497010
498000 498010
499000 499010
500000 500010
501000 501010
502000 502010
503000 503010
504000 504010
505000 505010
506000 506010
507000 507010
508000 508010
509000 509010
510000 510010
511000 511010
512000 512010
513000 513010
514000 514010
515000 515010
516000 516010
517000 517010
518000 518010
519000 519010
520000 520010
521000 521010
522000 522010
523000 523010
524000 524010
525000 525010
526000 526010
527000 527010
528000 528010
529000 529010
530000 530010
531000 531010
532000 532010
533000 533010
534000 534010
535000 535010
536000 536010
537000 537010
538000 538010
539000 539010
540000 540010
541000 541010
542000 542010
543000 543010
544000 544010
545000 545010
546000 546010
547000 547010
548000 548010
549000 549010
550000 550010
551000 551010
552000 552010
553000 553010
554000 554010
555000 555010
556000 556010
557000 557010
558000 558010
559000 559010
560000 560010
561000 561010
562000 562010
563000 563010
564000 564010
565000 565010
566000 566010
567000 567010
568000 568010
569000 569010
570000 570010
571000 571010
572000 572010
573000 573010
574000 574010
575000 575010
576000 576010
577000 577010
578000 578010
579000 579010
580000 580010
581000 581010
582000 582010
583000 583010
584000 584010
585000 585010
586000 586010
587000 587010
588000 588010
589000 589010
590000 590010
591000 591010
592000 592010
593000 593010
594000 594010
595000 595010
596000 596010
597000 597010
598000 598010
599000 599010
600000 600010
601000 601010
602000 602010
603000 603010
604000 604010
605000 605010
606000 606010
607000 607010
608000 608010
609000 609010
610000 610010
611000 611010
612000 612010
613000 613010
614000 614010
615000 615010
616000 616010
617000 617010
618000 618010
619000 619010
620000 620010
621000 621010
622000 622010
623000 623010
624000 624010
625000 625010
626000 626010
627000 627010
628000 628010
629000 629010
630000 630010
631000 631010
632000 632010
633000 633010
634000 634010
635000 635010
636000 636010
637000 637010
638000 638010
639000 639010
640000 640010
641000 641010
642000 642010
643000 643010
644000 644010
645000 645010
646000 646010
647000 647010
648000 648010
649000 649010
650000 650010
651000 651010
652000 652010
653000 653010
654000 654010
655000 655010
656000 656010
657000 657010
658000 658010
659000 659010
660000 660010
661000 661010
662000 662010
663000 663010
664000 664010
665000 665010
666000 666010
667000 667010
668000 668010
669000 669010
670000 670010
671000 671010
672000 672010
673000 673010
674000 674010
675000 675010
676000 676010
677000 677010
678000 678010
679000 679010
680000 680010
681000 681010
682000 682010
683000 683010
684000 684010
685000 685010
686000 686010
687000 687010
688000 688010
689000 689010
690000 690010
691000 691010
692000 692010
693000 693010
694000 694010
695000 695010
696000 696010
697000 697010
698000 698010
699000 699010
700000 700010
701000 701010
702000 702010
703000 703010
704000 704010
705000 705010
706000 706010
707000 707010
708000 708010
709000 709010
710000 710010
711000 711010
712000 712010
713000 713010
714000 714010
715000 715010
716000 716010
717000 717010
718000 718010
719000 719010
720000 720010
721000 721010
722000 722010
723000 723010
724000 724010
725000 725010
726000 726010
727000 727010
728000 728010
729000 729010
730000 730010
731000 731010
732000 732010
733000 733010
734000 734010
735000 735010
736000 736010
737000 737010
738000 738010
739000 739010
740000 740010
741000 741010
742000 742010
743000 743010
744000 744010
745000 745010
746000 746010
747000 747010
748000 748010
749000 749010
750000 750010
751000 751010
752000 752010
753000 753010
754000 754010
755000 755010
756000 756010
757000 757010
758000 758010
759000 759010
760000 760010
761000 761010
762000 762010
763000 763010
764000 764010
765000 765010
766000 766010
767000 767010
768000 768010
769000 769010
770000 770010
771000 771010
772000 772010
773000 773010
774000 774010
775000 775010
776000 776010
777000 777010
778000 778010
779000 779010
780000 780010
781000 781010
782000 782010
783000 783010
784000 784010
785000 785010
786000 786010
787000 787010
788000 788010
789000 789010
790000 790010
791000 791010
792000 792010
793000 793010
794000 794010
795000 795010
796000 796010
797000 797010
798000 798010
799000 799010
800000 800010
801000 801010
802000 802010
803000 803010
804000 804010
805000 805010
806000 806010
807000 807010
808000 808010
809000 809010
810000 810010
811000 811010
812000 812010
813000 813010
814000 814010
815000 815010
816000 816010
817000 817010
818000 818010
819000 819010
820000 820010
821000 821010
822000 822010
823000 823010
824000 824010
825000 825010
826000 826010
827000 827010
828000 828010
829000 829010
830000 830010
831000 831010
832000 832010
833000 833010
834000 834010
835000 835010
836000 836010
837000 837010
838000 838010
839000 839010
840000 840010
841000 841010
842000 842010
843000 843010
844000 844010
845000 845010
846000 846010
847000 847010
848000 848010
849000 849010
850000 850010
851000 851010
852000 852010
853000 853010
854000 854010
855000 855010
856000 856010
857000 857010
858000 858010
859000 859010
860000 860010
861000 861010
862000 862010
863000 863010
864000 864010
865000 865010
866000 866010
867000 867010
868000 868010
869000 869010
870000 870010
871000 871010
872000 872010
873000 873010
874000 874010
875000 875010
876000 876010
877000 877010
878000 878010
879000 879010
880000 880010
881000 881010
882000 882010
883000 883010
884000 884010
885000 885010
886000 886010
887000 887010
888000 888010
889000 889010
890000 890010
891000 891010
892000 892010
893000 893010
894000 894010
895000 895010
896000 896010
897000 897010
898000 898010
899000 899010
900000 900010
901000 901010
902000 902010
903000 903010
904000 904010
905000 905010
906000 906010
907000 907010
908000 908010
909000 909010
910000 910010
911000 911010
912000 912010
913000 913010
914000 914010
915000 915010
916000 916010
917000 917010
918000 918010
919000 919010
920000 920010
921000 921010
922000 922010
923000 923010
924000 924010
925000 925010
926000 926010
927000 927010
928000 928010
929000 929010
930000 930010
931000 931010
932000 932010
933000 933010
934000 934010
935000 935010
936000 936010
937000 937010
938000 938010
939000 939010
940000 940010
941000 941010
942000 942010
943000 943010
944000 944010
945000 945010
946000 946010
947000 947010
948000 948010
949000 949010
950000 950010
951000 951010
952000 952010
953000 953010
954000 954010
955000 955010
956000 956010
957000 957010
958000 958010
959000 959010
960000 960010
961000 961010
962000 962010
963000 963010
964000 964010
965000 965010
966000 966010
967000 967010
968000 968010
969000 969010
970000 970010
971000 971010
972000 972010
973000 973010
974000 974010
975000 975010
976000 976010
977000 977010
978000 978010
979000 979010
980000 980010
981000 981010
982000 982010
983000 983010
984000 984010
985000 985010
986000 986010
987000 987010
988000 988010
989000 989010
990000 990010
991000 991010
992000 992010
993000 993010
994000 994010
995000 995010
996000 996010
997000 997010
998000 998010
999000 999010
