711946 443867
372904 249308
606728 883593
486559 764499
340851 312043
6284 7417
489761 883907
1 10
910 1000
500 900
100 10000
1 232
23 56
958 654
2015 9025
338079 737312
601321 30916
618583 753052
919736 512804
647268 405022
205446 140832
422459 908775
758180 261251
726412 224051
520796 741653
573454 836814
538395 711019
424338 16072
540892 261356
979327 511891
308258 418625
951964 411742
642594 153961
639031 237967
18257 544769
947061 140305
598209 500624
636901 577438
857456 678146
833440 692227
95642 845305
596691 467138
183285 265861
859976 990390
265701 97621
789461 239786
589438 140979
181303 576711
608737 46186
581916 206910
692498 419164
312417 140471
458834 260814
681180 667081
634635 364173
692922 368835
439345 410946
499315 746398
3615 788804
243604 561437
585194 109133
817144 348016
425777 15667
690246 454207
290281 359849
773057 310277
38211 755632
928893 744875
909483 837613
350190 106105
214284 424251
428732 134806
838413 237618
540977 63363
493691 341729
242313 387391
678189 2387
785239 454145
619201 436654
151520 835430
807465 398182
706440 696626
828832 132
210268 775023
406887 145017
317013 708128
937659 664887
528169 612633
63905 50641
117336 812131
752060 54279
718644 349493
257000 310399
181907 873361
864435 918792
507375 266344
907580 672224
917880 333977
151009 124895
474700 687046
882615 278352
725941 791041
864380 869231
729868 311395
190881 899855
558636 151284
510437 381239
56274 625490
992457 412869
978264 139039
906469 6677
600055 103540
861207 582882
590390 824102
869469 878432
872148 761863
620177 155159
518327 951609
955970 609127
783175 37641
664681 505267
897068 637854
278135 713964
781033 104963
828786 148771
754569 955019
845616 59581
203122 583522
321047 326379
310228 60227
960138 869725
247578 787619
396587 967012
333063 879168
827911 624495
356119 477492
177955 425538
23001 145650
697485 888555
526828 254107
214350 609308
201484 943184
45429 203082
628260 751113
221357 546901
207024 739544
701312 110334
101274 211238
178519 771529
77503 890509
900297 174598
609514 946167
770935 995534
901540 434930
608712 239924
212984 419559
481155 556859
165200 698566
920419 945414
600599 162858
344726 700854
259071 198529
429676 878278
382485 798669
899045 107878
607481 357413
929919 259987
474139 141477
352707 904938
570801 403079
420593 713198
203190 777633
174220 154823
551529 468730
25833 136768
765156 56503
184492 793282
308934 584078
52508 145290
673298 85721
860487 818341
118446 318926
148798 518453
106401 14615
846412 628813
386652 856562
702196 104807
250388 199343
529321 876051
379794 765585
970590 649251
587602 363603
826949 620808
326545 732336
393747 383918
190580 394746
919833 949718
793060 981692
698867 340097
341854 591999
857067 257660
390793 984998
228298 686360
282611 790080
993697 255620
597012 104779
381029 577134
96872 267120
908903 406259
605313 524364
24957 150575
232512 842580
543307 732271
768458 652131
579661 252926
9286 570231
654025 537276
725738 591767
812339 816146
290822 15474
545451 465097
258662 237141
838849 597570
138859 299105
145416 704603
102236 958685
681205 674529
554639 14193
189377 72819
986234 719830
203656 41548
796727 95569
625678 588207
595618 381096
356396 62636
342471 684386
392508 825935
657619 49691
444661 621565
215985 382853
746103 15274
926547 770932
413686 228148
557569 623087
545425 362937
745406 316405
739989 433814
318971 225383
754523 304766
400947 383160
497187 294542
978152 935750
898847 964821
534620 141357
478795 245276
950028 208000
856843 764803
424101 628987
117861 822896
97841 390743
139919 80104
210304 57935
458085 500798
19994 778743
566292 81695
440500 709505
793706 99865
981234 225196
427224 22323
426988 936310
182570 749925
617690 968851
226567 213592
65699 287653
688794 686666
588697 820307
980170 421946
18576 319808
848524 908188
783830 473265
728144 477709
401138 555413
234774 612365
728998 747611
639722 156058
93928 932853
400649 792250
978074 540969
517867 837163
778850 49930
254385 123618
839312 571143
122935 740045
551532 927579
41869 382285
427347 834903
479808 334199
392395 511033
141318 801633
205853 321340
287191 483188
468642 700901
991814 56876
98430 698961
459538 456817
766953 345137
67394 715902
757119 293180
340420 954867
919403 462888
478223 587001
233392 265362
450241 716700
826333 375082
230268 268585
967332 457426
112475 139908
900815 994929
285177 817234
89300 669502
263603 553181
424767 594400
592251 567835
949583 459970
76874 301270
739781 197954
22056 312566
840551 324285
398775 92141
139731 314776
663151 627045
985890 691949
619369 76341
199332 468656
902908 839247
765980 149245
805064 662666
96982 202304
434367 587966
367542 465942
399802 402123
458489 212701
708746 15780
730450 781906
59136 852096
682017 339888
630164 180660
765850 705035
993648 329905
722865 48072
496284 692158
171027 375489
650143 517257
724183 28389
604561 46053
328854 586637
954348 520753
721828 193326
846046 495337
77315 171570
710905 507597
955889 675380
620277 506371
72522 731109
178932 151453
598916 421046
367397 9755
500436 590107
212273 400502
569792 814829
970784 997463
651628 491641
51082 372700
754604 917493
69011 278507
823336 215030
353083 710007
37193 416138
415879 976147
263190 229745
302127 521295
378858 307050
963153 9982
439529 738306
510242 4342
773153 181362
492145 750952
536899 343013
115603 687914
85707 181296
96653 885946
491990 121836
442040 96043
786958 901808
747997 588037
362377 623280
112779 658684
325599 662058
204110 767453
498528 438832
159027 273044
598870 900864
454723 810650
559164 744542
523824 274683
860869 770361
21888 346964
464494 139344
922649 884107
321600 851010
811602 325692
70689 30600
622879 642246
913366 310127
543086 256289
444768 929585
226109 678750
637322 320381
905761 821693
288403 170149
33602 802859
108285 506292
907110 539714
544027 332779
651850 427512
182585 906697
446632 72265
573660 352400
677908 16182
587136 644390
887051 161369
636598 930028
468398 65009
888342 946697
54274 413097
167666 537546
472863 714758
653117 105184
494773 330805
901597 468072
189262 58875
794853 476247
65119 926724
489003 867418
942336 380101
460950 309442
17418 990869
593524 88969
500693 480241
648559 858730
695031 487263
337678 517997
399538 715357
982973 361047
220418 289265
483573 531082
177053 30178
833699 489940
626146 382814
621515 360829
829734 644807
271613 642504
31495 380821
514989 43302
252200 428064
474924 121796
109930 573441
409020 76536
375059 489145
36649 614288
195749 723631
671163 106162
850863 321771
690242 376276
830232 858680
245150 793847
967303 715069
706498 189856
76691 658272
723929 704814
971577 222920
480328 478588
24499 264196
124611 847035
452111 128043
467595 639411
210684 13405
997080 273257
393869 8669
262826 788954
583496 402114
254021 355628
510823 37750
617421 846094
174090 619752
417891 911214
871127 317608
209392 898143
724935 704359
788690 451131
888195 556878
546188 670067
910248 54137
881965 735497
922582 674989
386478 412364
590954 189591
633464 858759
226854 676216
17931 213374
674686 154117
804964 363964
340630 96234
402126 63650
625778 307885
82586 105951
845540 819613
105784 319699
271537 604952
716791 291695
81794 826409
153478 675886
649505 528710
916732 873281
878279 66569
124456 617465
412060 944909
933608 978239
733927 520569
745355 222911
217273 804211
344028 594483
553457 510877
586647 790131
659673 450869
170415 988071
404031 471285
579164 689647
401732 774685
997906 9818
570920 416837
628792 782728
17085 301415
828648 334796
945572 253226
77187 171069
509574 320204
171291 512595
681030 361084
84423 408171
609408 688870
939941 676630
512913 399061
144887 943813
232895 375284
91043 91357
442084 193713
923037 263281
720956 3448
595030 863368
75031 522324
196215 561645
172142 979955
669583 429883
988840 6506
532552 605081
368703 244506
653460 968040
49154 175962
80097 883310
251672 945086
425678 960465
150959 98510
126707 956096
572476 144609
514668 118247
146846 735405
617117 917771
859928 532255
722111 86190
651753 152065
441878 657697
141851 756697
320856 304029
695749 741066
841188 280197
162288 302074
121883 83437
699335 949109
792481 439843
862430 928845
401796 557022
476425 799079
372267 816718
674910 231731
245661 511955
418553 709260
488407 463345
265496 6534
526553 989338
178384 398529
590665 173009
391737 633321
196132 260897
121272 933673
237780 828652
408403 395713
133670 694081
80624 149413
727323 299578
232305 312606
799148 271371
823168 888528
590770 710860
818163 583938
63600 801303
222869 198395
655772 529094
341477 547232
372325 852109
33888 167671
579166 688077
620275 119448
261349 185368
446671 669092
997742 205196
264443 836251
738894 942623
274269 114744
830731 727562
11964 313801
415590 563942
263988 375916
569606 819536
196310 141878
783082 420189
39584 832725
52548 26918
779823 415986
362849 262854
234331 435768
163785 732070
216054 566912
715052 722884
446790 764207
859380 791943
723351 501681
767371 469081
515486 342295
101974 935234
702601 742222
171745 382957
20474 818461
360086 977138
310391 98809
237172 30885
992971 159655
671999 718613
605879 58910
863244 86210
817893 245236
343809 629506
136391 795590
808308 396721
355448 614214
283975 516864
373020 109529
361572 559860
266788 498971
763330 707587
461146 166282
81039 726525
802652 792587
817407 135299
979706 676390
328220 996262
889851 660954
889836 686854
971976 210455
208525 819849
410676 810251
638785 482500
550534 73506
199599 225244
864052 207883
656467 54074
274428 982128
34692 145901
407463 140782
637687 195739
214667 648694
26839 179805
158289 160099
939190 38079
454121 681940
822082 75314
636394 645650
427795 217042
919938 783510
410728 200620
309779 426692
430753 533713
382981 710820
921932 722718
451665 87366
492091 911356
705667 672927
815434 842152
297493 114154
487594 469378
296996 929413
362622 802716
512712 32314
850720 901696
774813 969574
281084 445471
572691 385575
789197 715250
52184 979085
318688 573735
137524 527293
939944 195261
545154 562676
993430 454625
850719 100760
673190 506074
687205 915854
370874 986385
163450 309752
538721 135309
47409 364123
831680 766183
380701 350906
277601 821238
941207 127085
818225 522596
318557 819084
540564 119015
543815 15889
54379 235608
344232 746399
178412 289052
365245 201247
1324 116991
736628 900274
84981 316254
644949 761983
253886 251780
422611 741878
251654 317394
649971 940323
843846 418621
848413 866103
188981 169945
484220 407781
227690 548606
270968 370796
73814 292730
531008 369252
815393 103849
768167 100314
257507 776465
30235 131468
294397 58651
758051 82881
88726 299129
57819 603240
907554 938267
516282 670067
972061 180848
423810 123401
18247 401546
798735 264815
593118 359238
368025 577553
902212 779671
952091 998176
376022 527749
825545 990550
286004 789321
756751 324982
26928 490863
103087 254962
122199 561238
831046 873745
164659 959308
499913 235743
41983 120636
280576 16627
132977 906836
972445 949663
501631 97402
82004 183677
837635 205076
710167 285932
156586 7689
713986 262571
513909 316443
783435 19840
402280 530522
584376 855797
540125 624557
733353 84673
534118 888133
842070 180523
819314 107096
381432 503528
902424 846915
316130 111296
408201 119391
76398 545197
447963 889950
954570 395314
492723 717697
765699 624917
462404 508938
75701 849706
306522 619149
29963 176509
755795 936709
606493 531773
432050 545446
673981 446588
263440 686347
497692 632873
403778 245257
166162 329472
211428 337344
349890 704332
806334 655974
937622 972517
816710 467821
770057 715382
694420 761454
757656 496690
692404 461748
370263 404130
622098 904434
226528 112015
386636 595830
910279 47127
698752 473034
899085 44823
48613 450807
921485 763352
199735 953879
282749 508742
22914 808426
232230 887724
447679 898488
969149 283611
960543 500155
600310 320392
899510 715925
691808 854631
7499 893074
132892 407667
443918 16453
9316 447382
579816 833312
283 264996
629407 743548
205058 378659
585945 664996
810714 354235
269239 73256
305721 121251
697126 729219
965215 776341
358433 787776
158209 234333
29889 389016
977420 843220
37640 571747
916748 574321
291430 312440
555780 569484
413938 795757
168522 410732
323300 763317
76842 168085
214935 61702
808177 733773
191779 779474
775372 732169
69521 369302
783212 485706
328759 326080
870367 674677
815970 507352
591030 216529
831864 332597
783663 935855
687680 688641
868959 77453
886045 783447
240557 959196
576111 525913
991106 771181
671934 410485
739075 60878
120829 573328
877893 250167
108066 681342
950920 303290
592807 539348
97997 420876
87478 590977
899357 282460
751007 638532
332894 457568
795660 265302
630306 419641
630475 976246
294841 326219
847204 943064
427483 803988
377002 695369
873367 554435
703496 433531
186530 502790
737856 103974
63889 11308
388709 700621
230211 593777
335369 335961
4216 531858
424140 865811
794386 980716
135412 870290
188465 146926
924524 505384
206772 294214
222874 211880
884603 150902
8159 560365
153455 693301
749074 570254
715953 256286
996946 516605
632981 33768
705529 392477
422685 221364
641330 364385
55277 232040
826950 35459
688464 566594
118854 764550
782058 844578
290112 190612
876753 865599
232213 741936
41337 218714
727400 476220
276898 325647
232467 285328
345471 649608
753036 454211
572320 384405
238732 789603
750947 192565
298434 540430
65184 887301
42731 461409
781408 834109
470423 420841
166735 912843
633730 678632
549714 205129
209775 587378
416415 94792
530096 490589
14990 419349
539474 840751
914010 831665
192597 566851
602106 490773
133363 173947
296027 39650
947768 152842
935551 861398
502277 928366
697954 480874
487427 268373
219919 820823
216870 456365
802398 991266
179035 391421
663501 464286
840707 816747
269376 640225
444583 492375
863366 519905
212971 340287
466681 10898
564152 422591
792467 501428
802149 345320
553849 405299
259189 714535