1 10
100 200
201 210
900 1000
1 1
999999 999999
1 999999
999999 1
5 9
5 4
1 2
4 10
1 2
3 9
10 6
8 1
3 8
4 6
10 7
3 8
9 1
5 10
9 5
8 7
6 9
1 3
3 10
7 1
8 3
2 2
2 6
1 10
9 1
8 4
1 6
3 8
10 5
3 8
6 1
2 9
7 2
1 7
8 6
1 9
1 1
5 6
9 1
1 10
1 1
7 7
4 6
10 10
4 2
7 8
1 3
8 3
7 5
2 4
10 10
1 8
10 6
1 6
5 2
1 3
4 6
3 5
3 5
3 6
8 3
7 6
8 3
7 9
7 1
10 4
3 10
3 8
4 8
10 10
7 3
1 5
4 7
2 3
5 8
1 2
3 9
1 7
6 9
9 4
10 8
3 10
3 7
3 8
1 5
1 9
6 7
5 3
5 8
7 4
9 1
10 9
10 2
4 4
2 4
5 8
8 6
9 1
1 7
4 2
4 6
9 8
9 1
2 3
2 10
3 5
1 2
4 8
7 9
8 4
9 2
3 10
2 2
8 1
6 8
10 4
2 6
1 7
9 1
3 2
10 7
5 2
10 10
5 5
4 3
4 9
2 5
9 4
5 7
10 5
3 3
10 2
3 6
7 3
10 6
6 8
5 10
4 9
6 5
10 3
9 9
9 5
6 1
3 8
9 6
8 4
10 1
4 7
1 6
3 7
4 5
4 1
7 5
1 7
8 9
7 3
7 8
10 2
10 6
3 7
1 8
8 7
6 6
2 10
2 7
6 7
7 5
2 10
6 8
9 2
4 6
1 8
5 1
3 9
10 9
10 9
10 4
8 6
1 9
5 5
3 3
7 3
7 5
3 1
6 3
5 2
7 2
5 7
10 9
9 4
6 1
10 4
4 10
2 5
8 8
6 5
2 9
2 10
6 9
5 8
27 83
12 22
69 55
52 68
68 78
94 65
63 35
25 87
35 75
77 49
68 42
72 50
51 45
86 50
64 48
51 22
78 16
91 80
18 20
84 22
56 53
76 26
65 58
40 69
81 43
29 15
53 12
62 34
13 38
78 77
81 42
74 65
84 91
85 50
35 98
18 68
48 15
93 71
83 23
57 33
95 23
31 55
19 78
63 30
23 75
28 62
100 40
85 84
25 12
63 25
97 81
60 62
59 40
16 18
53 68
37 65
73 45
16 10
42 18
56 72
49 45
50 86
99 87
29 12
68 72
60 92
42 68
33 50
56 25
72 71
79 68
83 66
58 28
16 94
49 45
94 37
69 93
60 97
51 60
50 58
89 67
89 36
92 33
43 77
78 29
10 10
40 89
35 46
74 23
76 84
32 54
37 31
12 72
76 39
30 76
50 77
43 84
15 70
69 14
24 92
52 52
60 95
84 66
52 15
26 75
72 95
18 14
88 10
27 69
53 71
80 24
74 59
34 18
77 93
70 57
63 19
81 81
65 49
68 48
88 93
68 98
83 82
48 45
50 55
92 58
48 67
46 98
71 52
96 10
68 84
65 57
75 61
72 13
76 63
98 53
17 27
92 54
18 73
69 80
52 44
44 93
47 35
42 37
57 28
80 48
92 30
50 48
94 99
31 42
90 36
55 65
38 10
77 18
71 81
68 77
12 56
19 17
30 78
21 94
31 75
14 27
50 98
11 24
68 32
80 92
51 12
56 90
97 54
42 48
92 30
48 48
31 92
91 72
26 48
45 67
73 34
42 93
24 93
11 70
47 14
88 61
23 47
32 73
54 43
17 47
43 52
24 25
89 28
71 55
87 99
42 98
52 28
90 61
84 48
57 60
20 43
10 99
49 41
60 49
63 85
808 948
953 725
748 647
570 472
399 887
319 702
782 857
369 450
282 421
135 714
947 301
956 405
390 266
931 501
703 820
606 297
317 181
999 651
798 173
437 912
857 377
344 916
197 749
299 699
240 332
175 420
932 991
103 138
994 783
594 614
582 938
910 719
795 640
308 888
104 534
405 362
381 130
344 801
695 232
665 460
755 772
585 256
805 401
988 191
576 449
802 742
353 680
223 865
366 592
189 129
430 532
691 917
563 578
642 929
541 312
540 517
696 618
503 348
672 265
100 615
725 500
876 996
155 220
258 383
335 134
441 906
276 161
371 215
116 137
332 128
321 345
699 413
667 455
787 493
348 398
941 217
404 177
943 892
116 248
601 659
607 170
517 770
601 851
651 764
240 765
996 479
142 181
979 378
292 343
737 860
769 449
857 359
843 583
888 231
790 562
534 730
128 757
102 411
177 143
181 883
979 360
277 928
471 499
746 528
873 971
689 772
835 615
941 370
771 966
658 948
740 752
384 707
539 330
120 965
731 128
632 103
924 831
640 875
615 834
920 627
308 420
100 188
378 486
990 376
777 683
323 851
592 929
139 319
775 802
213 139
710 929
835 976
423 253
984 689
437 473
333 513
668 935
343 121
782 810
630 843
219 264
378 110
448 499
637 757
522 373
746 698
656 936
410 214
204 524
886 315
731 411
789 847
606 154
251 811
972 268
374 788
315 976
108 698
779 447
546 484
117 136
932 706
204 608
754 447
445 672
280 189
192 115
508 678
151 607
366 809
309 213
955 255
786 665
233 188
620 323
391 120
941 801
117 724
422 782
635 808
747 440
496 819
555 563
470 113
784 190
144 701
348 247
611 381
528 741
937 983
561 932
594 125
372 739
170 887
810 860
732 747
876 140
364 215
765 703
704 546
3420 9020
2775 3906
7079 4793
6125 2605
4547 6184
2640 9450
4270 9623
7115 1481
7839 8284
6439 4632
3220 2698
4029 8230
2536 6076
9403 3320
9918 7334
4358 2785
4999 6097
4224 6899
8864 7185
7453 5795
1986 1745
6355 1438
9642 3443
2902 7664
4360 6867
2449 8084
4467 3684
1676 4448
3275 6556
7630 9370
3809 1448
9362 4457
8621 1902
9109 5596
2440 4983
7507 5685
4049 2381
7961 6204
6212 1137
3773 4097
7337 1732
1567 7201
8841 6637
9390 8808
6259 3340
4349 8468
5575 3990
4619 5727
5378 4763
9307 7709
2625 7331
8537 3477
9470 4174
4878 7368
2646 2706
1917 5276
4840 5573
4565 7169
4222 1981
8527 8126
5272 6633
4326 9286
2003 6902
2976 2686
5754 5562
7855 9900
8252 8094
8625 8011
1338 4395
4588 5830
3018 2057
3901 9732
8998 4629
7189 9718
3807 8498
3037 5752
4511 6347
2147 6618
6238 8510
7996 4351
2809 7073
1250 3975
9559 5115
7855 1836
7695 4543
5938 2250
7483 9258
6171 8200
2782 6280
5450 3652
6900 1566
4422 5641
8015 7790
2516 6831
4345 9866
6995 8155
4630 3390
7278 8893
8480 7303
1399 8063
1259 7140
4398 4188
4052 4730
7354 8454
8291 7957
2895 1318
3646 1591
5066 9113
4236 1592
7979 1556
6852 5984
4262 3731
1035 2853
1884 1953
2245 5403
9260 9531
3621 4687
8656 4930
4294 4075
3907 8987
7993 9660
2106 5021
6265 5932
4074 6418
3060 9260
8309 4348
3881 2907
6123 6838
5351 5276
3188 4531
5920 7881
4989 8874
9578 5148
6930 9663
6016 1901
3854 1353
1191 9020
6630 1803
1496 1743
1247 6180
1510 9964
5800 7810
6871 6773
6120 2594
6816 3480
3804 5095
2318 5747
4918 1806
7010 4394
2892 9647
9475 6657
6955 4073
5198 6069
1166 9047
3433 9041
6810 2284
5069 1388
9666 1517
2769 9328
9753 1996
5895 3715
7542 4769
9335 8345
9424 3351
2805 3733
8933 3832
4029 1453
3628 6072
4686 7930
7659 1871
4346 3244
9453 5888
1325 4642
3090 3742
7692 2197
4192 8127
9529 3915
8657 9876
7061 2371
4110 1984
4544 7758
5197 7194
6961 5047
3957 2538
4815 9003
3010 4918
6495 6948
7743 5245
5931 6243
1552 6039
9614 7357
7004 6358
3388 7131
3432 3544
1883 7231
4145 3617
6775 6325
9064 2411
1179 7044
1222 5215
18381 17116
91037 54939
14307 92103
20991 45889
45208 36111
36350 65956
74222 37952
57561 30511
10726 40521
25466 90839
68460 47733
27895 50957
49139 16906
85027 75283
58859 98312
79996 68269
88578 51953
63279 84420
52147 13088
17579 82199
23599 60898
96573 35061
13678 43216
46133 48535
51409 63974
52857 55749
89704 80742
75254 42796
91069 13006
60957 52365
58879 72387
51840 34243
46672 18126
93706 89913
16397 86565
96174 91467
71873 69873
88061 63169
74545 92200
40980 48271
17541 57091
92452 31845
56698 10798
62065 14480
32044 59362
14616 38497
52480 90886
89046 79617
91682 67707
34849 32412
19409 31090
10131 42037
81059 44288
26960 95912
69416 10788
57618 59977
89018 14079
72979 35439
82622 83693
80723 51209
61454 72442
94946 62190
98112 42854
36617 17544
74062 34994
29144 55691
90493 44604
61061 25043
25093 36413
77256 99772
16082 77923
59369 35601
53888 74432
79734 15766
70905 22856
13333 35871
84862 28310
34398 63538
13156 65603
50908 13990
40059 25273
10643 95387
92687 37501
80398 48825
25831 89716
65704 88479
24617 57575
73320 84055
36415 95199
68098 53801
55959 94428
74579 61720
18115 50550
71692 45390
90502 39358
54037 61610
28081 68889
71108 19871
75699 16560
73567 75201
19215 15619
45545 26845
25135 68133
12126 32977
73363 98169
47835 92469
51188 67077
40302 91069
20625 27368
14689 16371
43483 26484
63983 42843
13025 23746
82161 78137
28079 40135
25355 11939
76733 15934
68598 35374
51727 24925
82379 39098
81777 44842
49361 15864
62034 31089
28960 46416
65487 53280
32893 81828
97349 28758
70047 50134
94135 99278
63193 78159
33836 51856
60069 73624
89679 69184
90858 99936
48291 53106
81424 42464
92735 64600
87104 14731
98599 15305
25654 19650
10797 52708
54183 15639
20236 27941
44976 11438
43954 21728
43265 50411
57032 14484
30349 17126
11561 46499
99625 81698
99253 81875
38345 52410
45607 90744
88860 11307
81565 88698
45573 73626
45553 70032
58585 93447
19518 78100
21618 98813
16976 72933
24926 75362
29997 47021
39286 75503
45598 15776
25374 43332
57885 10459
31898 71614
45457 70155
66201 99752
87958 26062
18849 44269
67790 17518
30378 87547
33884 57562
73192 73876
73390 86046
53026 20641
30931 22581
62680 32128
63276 41037
35536 51347
49883 45841
61203 88820
13718 11193
68630 45968
18795 96724
32329 19657
42859 16044
29422 24180
70475 33174
22643 10703
14427 39066
60875 96837
16741 70333
38225 78088
85638 69707
60351 15856
99722 30685
62122 80684
125090 592495
833927 245396
168456 560547
237482 126024
711482 700738
883103 134370
545432 827927
624678 781444
724626 484300
277422 982113
241452 667394
139361 544613
879262 969725
954566 725840
255964 246694
171112 473061
507067 998182
630550 378932
973763 451313
583595 412326
338630 798974
290983 840743
995750 411344
321409 267262
278143 523208
828417 276911
563479 249151
168739 755004
505928 384932
810475 199938
940280 903948
341088 357586
198095 962829
733215 723906
405587 970448
609350 762288
443157 471849
485384 658949
889240 658471
732780 660218
197581 695356
316559 946047
475661 594972
399812 316584
255883 534193
809560 445754
215848 542292
721706 990944
173145 490818
519721 187428
703864 306522
890495 260845
732280 375041
467917 673815
223677 650943
142551 539437
384842 846469
654417 858827
212928 687982
289895 101095
551204 587605
473008 510551
470669 435365
320608 243980
962085 677458
326478 720567
221816 209462
979506 893470
800324 320541
760754 784904
927025 825191
901316 759536
959522 786114
738256 294983
116070 465153
146280 920624
940035 227810
805061 350307
130726 390360
166674 697654
542005 633507
508925 266992
612499 480234
390998 756319
654979 983985
159654 769935
376673 460008
193692 942122
307487 519976
309627 212806
705635 737725
473744 853046
866155 568462
831432 678825
726135 174193
633380 592624
958916 747591
285182 805459
172687 370199
878110 141148
993054 862887
188743 569454
472424 475530
694178 429356
480164 968346
491011 178526
954416 395637
947139 145974
491395 909883
730421 972000
928740 763740
530514 305888
416419 175709
424161 936171
272951 978808
317422 535351
589509 431258
165113 782507
975125 688772
862254 154534
622188 757790
888913 488924
269291 337308
511431 280148
650455 408649
838633 498770
194767 549723
135585 562256
800624 212601
236980 627402
980490 557638
267135 479067
915882 504781
184496 293154
913686 197906
286162 128978
348996 680930
298424 204188
470875 383580
279319 189348
793360 785006
479188 914366
956735 274373
628228 206308
987882 853098
398898 811469
190088 558410
272673 301524
320053 666906
681478 465694
933734 475320
910361 643760
683441 337582
144345 353666
614568 950859
645018 838817
111179 588451
995538 746504
744671 885312
223176 216056
960765 316940
468434 976494
907594 986808
476027 573359
229116 906571
945289 203486
459337 963586
531843 595212
548717 314275
217697 419863
532475 383124
796905 267008
547163 931117
280924 268757
963079 974808
322209 471117
966355 913924
472011 360428
336453 535905
746266 531018
415051 841416
565723 974815
243917 422641
119502 109426
181319 545804
231710 826887
937599 484587
697146 786387
429430 815697
464158 136794
902994 948491
288679 303609
614614 629148
545619 845902
609512 167517
472463 509707
433628 594905
250341 125522
923446 944273
617333 629785