1 10
100 200
201 210
900 1000
34 162
77 194
32 172
2 168
63 159
35 227
105 195
53 125
96 149
17 152
14 134
97 189
66 199
70 147
69 147
114 152
36 178
90 165
42 162
71 205
117 142
75 164
124 163
7 199
92 212
48 130
2 129
37 182
123 238
6 128
122 208
13 177
20 146
35 194
25 220
102 140
38 126
10 238
13 137
52 243
58 210
61 236
61 230
20 202
12 197
47 195
25 218
69 176
84 226
8 198
12 236
56 249
54 175
94 197
26 166
10 128
120 185
86 160
116 166
28 171
115 215
102 200
104 138
70 225
120 133
81 150
5 132
82 225
123 244
110 149
60 208
3 137
13 240
53 242
93 167
106 232
43 138
85 191
17 186
84 195
36 215
87 159
87 216
115 175
44 185
122 234
62 211
115 194
56 136
37 230
53 127
15 201
65 168
70 211
72 192
53 168
41 200
4 226
16 142
60 193
16 184
3 210
14 160
56 173
92 216
45 129
125 190
27 177
119 130
2 207
43 191
104 141
8 189
29 242
5 205
79 146
109 209
13 185
18 221
55 197
92 168
114 231
99 156
52 178
20 155
14 143
94 250
26 158
119 188
76 212
72 225
45 147
39 232
50 162
66 143
4 242
3 227
64 208
29 148
83 197
77 192
49 212
24 216
89 184
77 139
14 241
104 231
34 185
120 143
114 176
48 223
95 128
96 191
51 199
105 186
17 174
8 218
19 241
96 169
11 189
50 158
100 183
30 146
124 161
113 245
4 125
88 191
9 175
1 196
36 219
4 207
46 208
101 235
25 197
53 243
12 202
80 208
70 192
125 249
21 229
108 125
27 218
76 210
34 189
98 161
105 132
58 141
87 193
12 242
118 156
81 126
33 224
11 126
102 233
22 135
44 234
25 186
21 127
19 219
70 242
76 153
8 166
112 233
88 246
23 195
68 226
103 180
46 186
19 155
45 182
105 224
64 201
103 247
89 126
91 149
53 164
97 245
67 145
34 163
45 136
104 169
76 135
16 185
48 147
11 225
81 231
45 246
105 165
4 228
54 182
45 180
93 168
76 180
35 126
48 233
74 217
42 169
52 232
103 151
117 154
27 144
47 200
58 160
52 198
30 233
103 200
124 233
35 209
25 190
107 176
65 553
111 855
39 757
62 619
198 679
22 842
164 879
43 769
481 914
295 515
216 581
130 826
85 994
328 721
156 852
48 599
425 593
70 703
53 837
467 963
51 796
339 828
97 998
466 822
332 864
389 570
426 690
76 629
430 730
357 765
359 573
447 589
232 916
359 832
447 690
437 897
424 906
129 937
244 752
250 540
257 922
256 890
104 543
299 934
236 631
420 736
19 660
62 852
429 929
133 543
298 721
209 996
341 675
366 971
275 948
243 886
311 918
429 768
340 790
277 558
438 942
120 642
41 980
262 781
71 916
38 670
154 617
275 560
331 944
88 680
312 874
222 579
25 750
434 703
283 976
257 845
415 657
492 928
93 732
367 773
373 615
16 947
86 577
314 593
303 903
394 886
51 548
481 619
360 868
358 615
198 611
28 509
59 591
25 516
470 618
43 567
394 610
151 599
338 624
154 778
474 867
270 972
147 748
81 562
344 521
236 918
143 551
34 996
371 855
61 503
204 840
479 629
280 585
395 988
445 568
91 708
298 569
366 951
219 928
474 749
23 749
273 534
362 745
176 942
65 751
70 597
284 900
475 508
172 785
116 649
115 744
108 974
274 791
383 875
307 902
270 893
352 574
340 783
497 968
140 981
342 865
476 897
479 511
4 623
10 550
282 636
469 846
143 801
205 889
37 659
38 831
123 665
499 780
188 913
156 755
64 673
283 657
54 503
494 556
276 966
125 569
1 503
341 568
399 515
324 895
379 842
34 679
439 741
266 763
7 903
352 584
133 546
32 525
18 513
99 656
113 536
241 640
162 671
210 880
3 592
300 768
45 819
446 901
310 567
466 823
228 772
109 589
199 598
309 643
132 927
416 851
47 859
252 921
83 932
334 883
325 955
35 936
356 711
330 801
3623 8719
403 12070
3604 13583
5017 14139
860 7832
6874 13466
5804 10232
4956 8910
167 11229
3203 14548
6445 8387
5414 13336
2561 12181
1163 13671
3972 14826
642 11777
3826 13244
3758 11724
4703 11209
4878 10807
3653 9580
3780 14682
5005 8055
7003 11097
1368 10312
7271 10174
5851 7887
2150 13029
1018 11687
2309 8559
2221 10443
3573 7801
5426 11067
3324 9992
4395 11784
599 10336
1188 13107
4270 9728
6404 14034
3240 14675
3440 9754
5685 10337
7200 14278
2754 10428
7376 8786
6487 8439
5000 10058
6360 9304
2780 11090
3287 13755
411 10300
2692 7900
2086 7750
6996 12945
1002 11916
1608 7699
3454 12729
6694 9904
4979 12218
2928 7832
4337 10490
6130 10218
2795 10881
2938 14567
6102 11714
6792 12152
374 13925
489 11835
1376 12577
5417 8504
3783 9672
2211 8762
5652 11440
1763 9916
102 11335
6371 7853
5351 10636
3849 10944
2547 9841
1734 11576
4822 7725
814 13113
4221 8630
1391 13773
717 7779
7129 13040
504 11711
6862 9987
6478 8066
6769 9479
4441 9834
3097 11341
5285 14815
3425 14588
1707 8506
4397 7565
2572 10653
5234 10616
3835 8744
7129 13731
7657 17427
1549 10576
9155 13220
1408 14148
9801 10529
3288 16658
6989 12956
8528 13994
1390 11066
9584 15125
4157 13283
5067 17197
9104 17157
5179 17899
9978 14482
9877 16373
3868 17451
8026 10634
6616 12447
4953 13270
6001 10907
2396 13714
9531 13992
6799 11694
3092 12010
7417 10838
2018 16022
4559 12012
7360 14710
3289 18618
9779 13699
2879 19468
5839 19992
1367 15628
1572 18164
9582 14805
5214 15789
5123 16640
5076 19640
5551 12003
1233 12302
8927 13664
7626 16881
9224 15364
7514 13680
7755 19105
9200 16872
3508 19880
3148 19565
5720 12859
3920 14731
8764 11352
9763 17646
6053 14823
8158 16258
4674 17914
1991 11454
2852 13582
8792 14435
1922 10932
7697 12743
6257 14859
1527 13675
6779 10594
4911 12643
1290 18400
9355 19613
7610 10218
5763 19653
4489 14153
9689 10416
6660 15751
2465 19657
7095 15148
4778 15386
4025 15877
5774 17994
8901 18029
6257 11381
5325 14769
4860 14757
6055 17587
6047 14146
6824 12566
5931 13827
6411 19397
2084 19848
6446 18630
6429 10653
9058 17532
7306 17142
9192 18567
3907 17070
3747 12520
9025 17145
1083 13706
6489 19645
6078 13019
4152 12416
9206 16355
6293 12957
2141 16370
9873 16945
9053 17827
9099 16840
7058 10105
8420 15446
4343 12221
6702 10736
9047 19316
8363 16705
4868 10424
1446 13667
6053 13573
9317 11923
4398 14412
3986 11251
2107 18334
1085 15670
6097 13615
1707 16565
1340 10473
5574 11806
5954 11533
7921 12054
7228 16932
4143 15913
3199 12283
9730 18419
9557 19200
8735 18430
2229 15215
2816 19216
5855 16308
1295 11723
7969 19416
4899 14391
7515 16814
6692 13838
5692 14280
4389 17914
4295 17893
9669 12861
8062 18907
7863 10777
6876 19215
8646 17552
7821 16543
9979 17745
6219 12795
3762 990
8592 904
9716 588
7261 481
6348 92
3802 346
2798 192
4668 315
2018 986
6299 417
4105 847
9062 340
5810 479
6564 242
6717 652
8540 663
3936 625
5500 144
6631 358
3214 14
3748 315
7498 220
4184 411
5887 108
5435 184
7863 780
6550 464
2607 654
3180 240
7175 33
2982 450
9216 664
8150 260
6877 855
5558 579
4573 976
6593 598
5199 997
4038 693
5965 911
3883 157
9603 868
8997 42
9219 638
5940 39
4256 621
5625 159
1842 16
3769 676
3226 647
5538 448
3369 621
5415 372
7361 16
5166 933
3398 844
9057 252
4422 747
8512 364
9086 604
9388 173
6737 263
8445 825
9228 94
3310 343
6048 600
8102 909
5583 83
8355 321
9831 695
8503 530
8611 222
9288 361
5989 536
9768 330
6427 833
5192 472
6447 141
5039 250
9546 975
4812 672
6522 850
8189 530
1552 426
3472 391
2982 206
5421 520
4327 838
9411 123
6003 495
5655 483
6429 467
3363 190
1764 60
5246 1
7611 855
5456 371
7087 762
3370 316
1721 230
6602 264
9858 579
5902 10
7325 669
9104 900
1594 66
9579 23
5632 386
7573 720
5041 15
3751 31
6669 297
1482 981
8234 157
3965 649
6764 17
3784 919
6463 530
1035 743
8080 669
7578 506
2290 275
6516 542
4955 189
8949 45
7277 429
1387 103
7631 758
5287 400
6746 736
6646 708
7358 29
4503 37
1519 613
3802 3
9833 885
4845 154
7750 601
9452 617
7084 361
2546 243
6912 611
4548 178
7055 950
4436 246
7777 361
7594 774
3377 334
7303 987
1966 134
6868 961
8764 496
6043 117
5087 720
6663 778
3975 334
3365 919
2697 86
3686 670
6552 850
7105 994
6363 471
4269 876
8127 135
6829 600
2348 793
3575 921
9392 72
6981 211
1970 396
8631 665
1541 528
9480 361
5583 502
5497 872
4908 417
2802 383
8027 859
7408 730
5614 323
2876 304
7694 58
4626 261
8080 212
4066 512
6727 317
7080 648
8467 312
9731 707
6731 903
9692 736
8370 984
7518 869
5563 441
6743 145
2986 65
5799 134
5782 299
2750 791
2371 26
209410 880824
457548 796323
177224 697910
124963 614081
30754 952830
445221 750980
441401 567867
375505 701278
290493 972923
183797 636236
149959 886007
364510 512821
292119 650456
232522 944874
249345 779157
303159 905427
455952 922816
115678 909893
269908 702346
484483 547778
141549 987253
6498 655773
385657 717890
135045 723232
270113 677070
294142 648116
105198 769813
416560 582804
79244 728005
482071 711846
67046 643549
451625 957460
226605 836553
146025 588642
289117 990392
273690 960263
494249 800388
325032 762516
141866 563788
495623 503319
223429 697951
426162 816498
59745 810955
19912 802636
397113 648618
421288 979446
198530 959521
268839 757291
105030 560466
92787 569304
626715 626715
287260 287260
656004 656004
317269 317269
955135 955135
208682 208682
862293 862293
369322 369322
116108 116108
377384 377384
98972 98972
337166 337166
591810 591810
866380 866380
787991 787991
805514 805514
686938 686938
717034 717034
700011 700011
137680 137680
449278 449278
84356 84356
689433 689433
208739 208739
77855 77855
16178 16178
675318 675318
585474 585474
466471 466471
825415 825415
107731 107731
286221 286221
231448 231448
209003 209003
899285 899285
851111 851111
291972 291972
171521 171521
111720 111720
772799 772799
73734 73734
842337 842337
492636 492636
266923 266923
25802 25802
681062 681062
847036 847036
664163 664163
782954 782954
207979 207979
