844 943
296 502
688 589
354 860
734 713
784 269
457 362
956 724
601 704
975 118
411 799
272 190
201 550
172 7
376 3
685 133
131 118
850 784
795 189
703 169
87 461
444 416
189 527
179 6
111 790
505 882
549 875
921 46
376 109
588 298
995 144
551 753
417 161
777 433
296 87
555 244
856 259
609 339
515 259
731 694
415 229
31 194
121 996
129 200
878 810
179 694
601 755
338 806
135 254
749 318
952 431
899 536
503 302
854 585
85 369
547 752
267 939
97 873
26 179
691 404
25 282
684 234
292 620
616 416
921 422
519 793
888 715
456 420
593 48
708 587
213 88
116 849
579 39
125 809
835 211
908 339
849 509
391 756
23 709
165 337
399 446
597 424
79 295
981 419
182 93
141 138
193 505
981 537
514 150
147 583
135 531
232 998
662 492
632 185
42 116
620 719
880 329
639 556
927 69
275 218
160 366
924 804
194 801
111 805
911 327
117 879
696 240
851 186
476 756
106 476
988 811
307 748
152 56
820 958
313 60
10 852
358 819
134 319
1 799
421 794
80 878
985 799
928 332
622 308
616 575
831 96
882 983
314 107
773 731
337 515
230 21
227 975
222 733
988 637
792 823
754 952
904 175
291 656
511 808
127 524
930 856
984 212
789 719
565 215
710 785
819 168
352 890
772 299
351 935
324 514
221 252
760 961
917 631
356 337
116 892
240 607
589 559
267 351
642 372
45 150
495 872
489 17
51 928
877 367
192 331
725 968
711 132
786 329
105 725
352 412
483 417
487 127
543 45
963 873
135 94
45 697
504 949
638 384
690 254
92 389
476 444
379 402
202 878
21 97
44 899
282 662
169 794
662 699
516 287
246 642
523 58
293 211
695 855
570 103
185 909
173 657
184 135
712 301
155 452
307 521
742 586
777 646
768 258
310 213
856 74
24 139
528 37
49 318
560 312
547 697
223 545
769 70
388 238
595 906
881 291
528 325
764 824
831 813
676 101
132 344
479 916
849 227
222 67
691 469
163 779
59 535
587 746
36 818
480 560
983 928
731 358
231 623
503 718
108 517
849 865
492 811
866 381
716 269
16 61
918 580
783 259
33 601
937 321
61 285
19 801
8 230
893 1
603 965
641 907
587 625
575 526
836 65
404 710
766 390
919 287
75 623
12 316
845 283
447 718
145 27
980 965
922 645
245 472
571 116
274 865
262 407
956 88
247 414
285 751
116 881
535 621
537 331
578 1
778 467
330 2
549 4
819 334
835 171
372 749
184 536
172 768
3 271
644 45
878 277
982 126
280 721
104 206
899 380
235 10
436 132
900 555
380 388
631 575
567 8
331 700
592 778
14 243
246 31
571 527
611 160
440 797
3 396
344 729
75 800
820 814
842 257
665 184
231 811
806 614
619 768
63 215
427 775
785 395
430 856
170 953
302 481
782 527
230 837
93 69
300 56
573 672
359 195
308 51
691 190
458 571
827 943
790 954
578 75
879 586
995 219
757 984
347 976
851 139
276 341
765 822
724 257
794 403
857 369
118 352
277 355
177 834
323 607
97 905
852 982
999 610
464 154
163 191
538 330
742 739
69 419
286 24
904 176
93 773
578 898
658 616
260 628
992 173
10 748
7 320
595 688
772 145
330 405
228 954
300 273
384 893
666 726
48 487
515 703
437 804
781 483
48 673
488 966
652 993
648 595
830 110
35 61
622 45
791 955
933 842
132 385
827 24
384 259
14 398
814 799
678 317
852 561
841 257
422 583
173 556
153 128
781 638
548 590
432 550
804 120
325 641
188 401
288 371
655 69
449 845
302 129
758 71
546 235
840 540
692 479
256 910
942 300
213 789
305 899
800 863
834 687
241 376
656 796
802 592
385 788
435 676
574 266
951 944
239 974
61 135
693 513
624 204
802 485
718 926
220 627
258 441
28 882
581 848
677 292
979 639
93 413
756 239
600 742
695 116
620 509
669 972
32 102
557 528
101 293
501 571
975 782
465 406
432 770
177 932
651 610
29 68
16 521
561 443
605 29
123 386
616 691
448 280
579 141
253 181
772 687
95 549
722 192
627 193
913 510
553 616
370 658
449 435
621 393
826 963
460 680
514 212
935 475
554 707
464 376
957 465
159 376
611 26
981 981
865 815
141 995
547 197
828 492
395 633
340 342
672 429
655 55
857 270
594 20
663 897
727 194
428 177
536 667
665 280
178 64
76 562
52 277
675 546
261 972
354 271
285 665
727 228
364 761
29 265
268 773
38 921
394 973
850 610
276 870
108 627
736 451
84 391
186 596
968 930
532 326
954 417
786 460
657 561
339 488
744 838
329 927
169 990
513 450
450 431
433 947
345 368
235 60
704 622
400 145
807 253
540 620
628 746
200 304
749 768
390 258
28 80
277 667
390 148
288 369
994 557
563 394
840 584
214 685
458 180
155 962
536 933
764 205
930 795
455 353
779 506
968 671
928 896
848 516
668 849
759 568
915 692
737 113
662 726
468 196
856 1
978 374
874 520
988 664
479 662
853 658
518 494
702 181
816 101
405 200
830 991
924 253
215 153
218 599
385 341
955 809
664 783
312 265
191 756
840 536
185 761
751 695
779 28
89 857
760 929
124 179
777 820
924 642
482 364
55 880
746 4
434 68
71 258
106 518
818 567
284 744
738 657
177 766
221 268
490 684
257 181
332 618
259 953
956 106
615 558
875 159
397 179
304 797
325 825
492 108
535 102
572 732
493 113
200 769
60 197
95 126
470 280
530 464
504 846
98 564
38 176
505 108
782 21
687 523
76 731
771 626
20 457
122 770
296 472
47 737
3 350
579 759
613 290
782 590
29 257
57 860
909 333
309 804
720 730
764 542
19 119
981 241
715 132
228 730
996 448
245 453
974 74
44 769
493 300
963 300
586 191
121 129
304 588
710 961
288 239
908 272
22 47
484 394
979 486
171 410
660 863
784 837
300 218
256 765
100 872
558 633
649 217
990 477
45 126
19 332
754 617
416 861
730 44
267 129
687 334
411 269
882 232
772 575
249 810
440 43
483 582
577 681
592 879
421 744
585 9
194 387
268 898
11 267
792 316
53 705
789 945
974 521
815 344
208 787
321 710
841 511
456 727
326 729
44 795
60 960
376 928
295 154
210 686
297 554
904 643
706 861
966 726
24 401
58 455
314 357
767 706
388 295
44 113
735 595
657 306
576 474
441 968
259 970
734 306
553 770
889 782
333 338
243 184
223 342
786 710
831 741
558 511
449 784
281 5
674 209
317 698
102 51
485 539
389 964
584 463
901 402
328 872
778 249
222 154
798 804
187 118
655 845
967 358
168 290
21 932
901 730
585 42
276 660
313 666
847 268
766 178
747 628
760 349
43 829
455 636
946 720
531 611
644 417
122 227
107 727
256 998
490 108
544 620
259 972
461 931
77 425
258 712
797 147
784 235
312 571
572 620
651 199
223 456
744 824
957 900
124 913
21 337
772 486
673 357
36 512
445 119
224 305
992 647
869 179
931 861
86 80
803 189
603 57
788 961
693 839
89 798
999 828
302 306
394 675
207 647
920 163
498 258
513 777
886 723
724 32
500 995
786 501
443 240
74 758
984 997
815 361
215 908
432 2
12 623
703 699
617 158
909 954
970 535
865 778
657 997
48 808
584 305
57 180
948 69
913 729
397 407
48 498
733 139
871 855
206 765
214 952
241 736
445 298
433 777
561 517
734 295
684 266
199 388
444 822
859 926
941 464
444 936
196 279
929 284
774 539
806 601
4 324
757 370
562 553
675 535
21 5
719 936
511 351
474 255
124 870
941 345
444 369
621 979
735 539
914 36
979 170
621 956
200 899
911 810
174 314
322 917
299 440
342 626
716 805
578 399
237 616
639 404
994 632
229 977
499 489
195 260
301 390
540 329
21 791
273 760
994 589
544 718
373 196
728 864
677 380
18 936
909 958
939 991
203 436
343 431
304 672
408 78
460 988
968 732
978 745
593 360
608 474
799 243
176 921
997 210
400 908
355 411
390 228
735 741
726 601
749 902
176 781
254 469
92 478
105 170
715 547
658 308
314 762
42 152
314 998
492 380
524 537
911 408
360 996
488 634
767 383
749 363
783 314
498 419
160 150
67 405
813 401
792 333
17 140
692 137
577 404
304 943
905 574
652 778
716 340
121 890
942 455
236 894
887 695
327 119
404 841
663 809
724 245
310 868
599 982
341 946
881 8
54 838
819 306
933 33
187 33
942 667
826 670
920 998
91 430
916 437
470 973
712 831
170 910
401 410
274 617
926 83
28 621
478 674
697 638
705 85
978 571
912 218
931 418
4 811
401 4
681 953
218 839
227 13
115 483
440 831
832 37
48 743
394 285
775 605
938 326
784 78
93 273
336 286
579 879
486 757
754 589
406 394
377 569
429 96
346 188
694 714
755 659
429 752
182 14
661 664
671 280
999 991
6 411
641 802
87 97
891 735
880 564
870 358
223 655
913 349
860 166
470 526
617 181
142 69
264 405
327 359
264 863
