1 10
100 200
201 210
900 1000
85577 98787
11439 63474
18818 96695
90725 99200
54473 81103
2128 88746
28517 49742
55462 94316
61663 62146
3518 4574
33816 52779
40543 72176
24326 85409
9855 43416
66657 75916
32123 46450
32248 68968
61567 81250
7172 13705
124 55812
4924 47698
4713 93464
33763 45310
42487 67112
58745 76819
70661 98845
19611 39743
14114 39348
21797 43556
19620 83106
13629 68154
49412 78645
24637 82102
17505 80747
29562 78721
64796 76265
12019 62778
39585 61246
6281 8747
15861 30756
19801 23662
23202 83866
16888 44748
39294 85133
13182 23861
75412 79765
42101 73108
41035 74703
57700 83929
2052 46629
37871 68541
41797 55873
12444 14855
13693 16179
30185 50630
825 81151
5204 97756
91220 97222
38847 82333
19929 50893
23345 71067
12090 74023
23732 56140
13968 30144
82940 95331
50390 64498
28227 46699
51675 66051
61777 70938
41194 52560
19964 57016
54300 99171
18775 87108
75061 76705
2878 80420
39633 41127
32305 60640
2984 56083
23653 27325
33699 94405
60128 92296
12737 46074
39262 44617
73988 92728
66152 85456
37414 66295
82764 87827
10766 21251
493 49316
23265 87928
4393 93477
40973 50339
63236 98195
34767 93880
71280 96553
19215 55237
84194 95290
26074 61396
7040 87672
12858 77905
22673 51821
62690 89744
10409 81552
7522 9004
6981 17536
66759 69853
11292 65779
3839 67251
23556 58760
18925 42359
56932 84403
28071 54494
38191 73977
4258 56763
16629 43233
25082 81390
34679 55850
8540 71187
28418 99577
3387 17650
12038 68960
52355 89221
11199 66228
44122 87258
26204 92618
17500 88878
88802 95359
52166 78586
14861 33591
1118 75314
11482 40084
40309 66036
13993 84402
83762 83953
69779 80947
76789 79251
33368 44637
65296 88675
31140 41422
78271 84250
57743 99072
24170 27798
6941 17421
40180 71760
32652 79019
21649 60182
3279 79750
87610 96895
36243 71073
31722 99663
73086 99622
14984 91607
42221 85309
8964 11932
47671 79426
96725 98268
37213 68139
20846 50838
34579 92101
51994 90391
14859 42987
63037 73026
33852 56814
2831 77816
13809 69350
65094 93253
1556 46790
34557 52606
29496 75806
18647 99269
21641 37250
34213 94190
57240 98917
34735 52817
38446 63916
4987 97882
41500 54395
32091 51376
42621 93194
63276 89194
19813 63993
79983 87176
60661 94333
17738 74036
23952 77217
42916 79863
72332 88593
31300 58590
54915 66225
74796 80979
10013 33693
29958 73185
44962 72252
34567 75984
4413 33054
35678 84677
58142 63194
10352 74272
17258 31066
18370 67195
18818 70697
13813 65354
8326 39953
8157 10402
75014 89929
38986 83074
9285 38189
7540 89460
15343 27768
27708 56314
13226 29866
26076 50178
65566 73753
31061 97181
5356 47276
27292 42651
22014 37882
27972 47410
18066 83193
34533 86674
56980 60331
38093 86008
23637 74430
1445 92524
15001 82065
71574 73237
28264 65043
255 64640
51650 79315
60831 96985
13061 45532
35009 55087
28011 30217
79459 99178
21923 99476
31767 76063
27695 44474
1713 43016
31101 78354
33770 97127
16801 88618
7192 10968
13187 41329
55740 94100
11648 68726
863 46853
1154 28028
37416 69068
12943 84789
16230 36084
9767 37893
2049 60742
19847 91506
30894 38898
15780 45810
46664 51860
75942 84615
4547 77020
7074 91874
40223 97234
23796 53379
1891 22720
18867 55774
38341 58869
23781 48402
20952 53449
5999 33273
4920 19535
68927 75841
42516 71506
41211 53892
17679 35916
90708 99103
56284 87529
70637 97833
43840 63262
31443 58097
78307 99847
2576 12342
5834 62306
49021 69301
48780 73002
9996 79728
19518 53315
64689 65883
60707 94215
25313 91765
10955 33270
52023 99842
40137 49522
3522 36074
8052 17875
13862 37177
14041 41840
7379 25083
39624 71515
83811 93262
62227 62874
10746 17913
51835 74990
39826 85587
54496 60416
25048 81206
18534 76943
50938 56475
4371 30170
40973 54528
8711 87538
25557 25779
27663 61088
24600 26275
79556 82913
45968 88089
9291 50802
46306 51211
4195 49661
14786 40487
67148 92481
13206 93405
18260 21724
48554 51395
15562 90155
5986 26249
38774 69423
11606 97632
6080 78090
41120 71730
50578 63859
38308 94816
77801 95620
25419 71966
63235 83868
5038 66167
41448 64886
77878 86358
19970 47809
66233 79399
15605 46247
20612 64284
5027 35890
16805 55193
57005 61362
52680 63521
73834 78974
77133 77426
28315 60939
48688 49378
23164 25051
37077 61753
35284 83403
8154 25439
59962 91344
15600 89433
11976 70177
35260 84469
71259 89723
32709 69450
71864 83066
21961 64430
24315 82277
2000 27553
2359 55003
72631 99275
40353 49430
73474 99213
72760 99720
38150 91225
20871 52869
4187 21718
31999 98274
12464 40647
44045 98176
2823 62757
26956 92527
5902 75564
35472 37284
25005 26549
97059 97287
27972 69229
6822 42619
75963 94738
35765 60342
20288 33779
69088 77415
28842 90728
28082 39587
22904 35426
43099 85408
55195 71231
16280 37231
65813 95390
75110 81058
70454 71367
61717 94947
1714 38894
775 75917
61764 94744
33957 34961
69909 85053
28806 77125
792 11702
54207 86818
27624 52175
57072 57251
57464 91950
65982 90973
53722 95794
1044 55060
12780 48641
2819 64157
31089 78487
46770 92404
19732 43717
4047 64280
32867 59640
41611 42624
3716 28747
40785 45023
21219 35346
55968 95376
52178 98477
83253 85182
54221 76879
19547 77419
4120 28578
24434 69127
27433 55705
11577 96734
53660 87353
33993 81202
60897 86409
8715 85061
20843 25955
38731 38960
2377 71376
90218 95588
62939 97891
84399 91332
52697 75267
51883 91499
71399 84206
2390 46595
22422 81705
39155 67039
71810 80636
2327 48854
38980 72870
22160 56544
3885 72506
19832 65285
46602 91580
86948 89835
81365 98645
46162 47133
60889 80525
51878 89993
30143 94084
12402 18414
55781 74292
22634 94422
38585 39402
14926 42310
23146 47265
43513 92716
26246 85257
52996 57822
35727 72698
16682 49290
11059 32388
13012 59525
25870 85505
9344 64528
27409 77609
29502 49160
20328 36016
27416 44702
30865 77317
52169 98708
42499 97771
16911 91821
4962 16425
32487 78705
11834 35988
49709 55750
18254 84536
10579 31764
31386 47501
95766 96525
1844 41945
50253 82723
69832 76469
28753 75686
24352 98466
46214 86064
16424 97989
14288 31702
14765 70271
43926 58440
54311 88457
714 39353
64321 80317
45242 64816
65420 89337
44063 70911
501 61483
21432 42889
84383 94742
80442 81475
11683 43216
84346 86677
15887 25931
44916 58455
52570 80519
61180 95541
24846 58125
15365 38584
4758 64526
75070 79283
10765 62918
63441 85319
32551 59435
5280 88007
23193 85286
80165 98083
26669 77823
18908 52842
7284 90319
40556 96492
4121 86190
71572 91959
82297 96184
50514 65291
734 28905
48275 73091
20506 68305
49277 53049
6864 95998
95588 97082
26780 67501
7614 50381
21051 92276
26295 40739
31650 69975
95139 99530
10886 61828
32574 94865
23344 73000
34228 66398
37270 52464
34787 77014
15210 55949
29961 43015
58316 76914
42296 50912
37139 85428
19752 20966
9841 98779
23307 36378
9504 61719
16212 27226
13245 48572
30145 52648
76149 88179
61192 75132
92718 94941
3979 40023
16469 20919
26417 72399
8801 29550
84623 98721
2712 77661
8353 98996
65807 98305
17766 58197
22820 88273
45791 93504
8630 24106
18026 38004
17040 79717
10779 74298
10662 76847
23733 36107
82397 86289
26372 43942
7864 40602
10397 18895
72755 93724
57516 84662
31376 53210
22546 30224
30224 30532
6514 22128
80234 92149
47820 68846
3822 20125
41609 90304
10144 78143
72543 91332
19604 38413
14224 19535
32246 74491
83028 85520
37883 78804
41192 41829
63968 65160
38320 85028
36947 93869
56515 79605
1009 57790
34509 85070
27212 49555
32405 80945
6759 66412
4485 76769
3136 12622
70259 91699
14342 92164
59624 84606
7953 25756
36434 84340
8740 40073
70926 81981
41311 90205
15107 68153
16286 69011
2062 55621
3770 23148
43878 47284
39034 69033
58536 70282
13689 47273
38893 52907
57717 86565
15578 26936
49654 67575
34132 50772
59134 71699
78894 87351
1689 79055
76948 94192
17632 88098
19585 59082
50018 58309
65320 81810
47561 98998
68987 85943
36550 77216
32489 49586
63910 63952
89825 97538
56253 94455
23189 86987
1567 42450
72073 77711
13153 20537
70148 75092
20852 68484
38936 56367
37252 55700
70375 74744
55432 99916
3943 10199
4595 72510
47820 54385
34236 42777
44864 70019
48994 67957
8980 91421
27259 80486
22618 74548
11632 43763
32829 82653
13835 59351
9826 81880
74782 95148
3091 85429
31788 45566
6412 8310
10933 61495
9749 73085
4548 11222
29528 87110
26848 64373
8084 91402
1144 9871
33265 59940
62513 95840
68658 86861
25800 44060
24372 58068
69829 71322
28194 73934
3416 58977
48852 81496
14865 42698
16037 99724
25940 92235
11286 19208
16777 38219
64841 89509
14421 17333
63607 70399
67210 73215
53848 98443
7966 29974
2357 29708
2303 95874
53509 73790
58151 64310
87459 90996
26818 83107
60169 96964
44529 65234
66269 93541
67094 75165
48311 77402
27933 75153
2896 35496
576 13514
71910 72303
28137 56531
26905 49629
30579 57957
616 36618
44959 74423
11191 97642
58577 60674
55638 68483
64332 96542
16129 46701
88511 98087
14946 38877
48399 69623
23131 40493
40063 96100
22136 71926
16646 56371
5103 17621
47701 61155
22889 59107
2378 70195
19920 33580
16896 97849
27665 51355
62383 89162
78658 95704
52392 62958
15545 57971
54466 94162
48892 57921
40561 87105
29459 78657
31525 51920
17573 31200
17908 94516
35399 53998
9615 67800
1413 53039
4000 88772
23449 93236
12589 22227
50114 59060
82695 91785
623 93288
59056 87636
64018 68434
84901 89931
4942 22395
45388 98172
11063 74058
26652 36281
84177 92671
83444 93510
31533 48493
74607 87881
43563 47175
19738 98847
89339 90305
50571 88969
39752 96015
26796 71144
1223 46530
8740 60262
59982 61206
1696 64974
33162 55829
41367 53457
95679 99448
36633 86212
62196 68515
28975 53065
77950 80452
40970 47621
25224 41238
64961 72201
45941 79386
38995 77516
3136 99876
69422 75452
5590 56147
23454 46385
28640 87419
44313 51297
46660 46795
1673 77223
32530 67077
45138 64757
12199 36132
17224 59106
145 86363
8681 68482
25489 28168
21537 72575
14825 42732
24250 82502
1780 89565
6689 66839
18678 48338
10366 50476
26151 73503
360 50379
7486 43306
18053 44857
57675 90569
47202 77368
42055 77031
50396 75231
19661 39155
11699 55858
31094 97942
90443 95968
7546 36264
14410 28995
29586 66241
43519 65279
10123 33128
74697 81282
5269 84774
26772 92937
47927 90911
23275 49086
5243 32310
6222 42191
29755 57059
12455 77662
39348 93647
63163 73004
10240 25667
3298 55574
37469 95976
47446 91077
33794 95029
29879 64678
78365 97802
28091 74378
84878 89490
29617 34313
42480 63658
80426 81746
90005 98539
17863 84450
34658 74232
56296 71095
39773 58941
56536 73634
14082 72779
17707 92568
42856 43100
21081 99443
8548 66143
44836 52218
4337 40183
71270 92550
35950 53389
13881 27215
7853 49706
56771 71078
29311 90871
6944 86001
4793 44719
24682 65247
44038 54582
45091 89218
51973 90606
16616 37676
308 59944
23361 54493
41694 81464
10397 76873
35218 37944
66295 84067
45567 60231
31456 54539
81864 93011
2912 39074
16363 68903
45839 50170
29482 45882
12468 59093
99242 99630
70699 84585
14741 97894
38523 87490
22269 82221
77602 88171
13518 17945
64039 72844
28546 47529
60279 83483
44760 54916
42503 57208
12196 19721
49346 81031
6665 65348
18406 94425
14568 84689
90340 92805
41291 67447
84069 94653
4825 46150
53757 59422
96428 98171
12459 88168
9049 33906
46419 74978
3943 70603
7784 15073
8811 13027
60229 86322
9195 36341
25828 63795
57056 57538
7530 13412
70364 73143
18904 88079
6050 37392
37913 64778
49 66283
28003 79339
519 65133
59453 76639
61472 82745
88878 92793
15261 49525
44754 86819
59914 83745
38946 72728
62402 97661
70213 74322
32965 63072
28538 67719
65533 94268
25458 76292
37382 64212
29004 39579
14395 67047
73217 98321
53082 85528
10108 66450
58009 91627
82670 86351
14528 81961
1372 42310
19237 22926
49105 56950
31097 96447
1760 46094
32314 94397
26009 50603
1295 20888
40361 78631
21379 78178
15646 53175
63537 65133
39264 97408
7544 54397
29360 68543
29677 55096
1882 86418
8759 43601
41235 74407
1493 8604
59088 86267
23955 57782
44827 83867
53139 76613
1331 99143
50962 99777
1442 77278
29838 43307
4483 94421
12362 84709
35481 88784
8591 76471
26436 83386
81566 85074
4445 94802
15515 28130
16537 32941
8094 89180
27993 55638
