1 10
100 200
201 210
900 1000
10 1
1 1
227 526
397 708
931 434
837 99
685 512
649 838
991 660
374 762
639 980
213 229
933 365
22 931
469 363
600 640
149 918
971 964
473 761
754 480
206 727
928 915
522 158
346 416
670 543
399 471
868 782
764 18
306 680
127 829
604 77
894 98
212 159
967 632
957 889
75 298
679 390
119 196
249 742
776 860
5 371
269 44
619 951
473 411
623 532
88 259
311 560
228 437
749 545
883 816
738 278
468 429
192 759
436 515
997 590
750 759
511 10
662 973
1 725
343 407
752 726
408 771
946 345
651 857
174 872
153 236
76 112
106 169
806 850
602 566
690 451
636 350
263 161
436 195
352 885
846 919
565 338
42 1
205 486
797 181
59 925
986 842
747 810
930 320
155 898
419 364
386 912
825 721
414 878
696 738
725 15
252 329
60 925
675 103
51 771
907 249
927 101
864 384
208 195
688 358
965 71
535 894
311 403
397 549
125 697
990 328
33 855
11 760
23 485
698 28
953 514
526 932
934 43
682 974
449 973
316 385
813 502
461 895
3 52
244 827
440 788
773 143
699 101
605 647
887 468
604 793
438 302
443 513
863 715
568 886
240 719
536 123
565 622
594 729
469 32
734 544
867 956
183 600
920 893
858 877
958 748
523 155
840 481
607 686
19 913
439 59
380 457
989 387
577 596
707 611
40 372
727 693
835 867
896 592
286 210
994 271
136 881
17 807
93 57
804 535
924 942
555 967
866 29
629 921
427 680
684 739
282 306
542 28
22 235
774 713
924 516
420 869
764 351
624 385
508 716
836 502
273 648
551 800
846 275
904 954
90 979
504 293
897 643
493 488
167 72
360 263
286 955
445 640
910 461
965 927
35 148
242 206
534 568
481 564
651 535
842 874
237 163
353 516
34 190
734 180
994 903
278 229
488 319
211 983
846 252
398 461
866 122
581 635
272 659
674 672
97 154
744 539
882 506
649 92
589 433
802 101
350 449
623 264
241 753
409 208
885 294
279 709
825 657
10 299
85 363
638 800
739 763
609 358
959 839
410 877
512 824
733 868
964 562
405 464
125 809
574 66
864 573
517 349
996 366
534 209
674 448
981 107
75 993
803 199
200 571
664 224
935 284
43 325
13 125
421 315
25 563
785 852
191 316
970 147
856 825
266 922
811 55
309 744
940 601
41 320
349 932
632 352
666 96
871 442
92 996
818 810
172 97
133 735
809 572
388 326
460 740
365 926
431 838
66 572
651 871
618 857
722 339
224 243
104 670
56 872
706 979
779 367
588 16
333 331
852 93
809 523
656 44
677 840
766 659
325 568
579 628
23 485
797 486
922 428
910 121
148 208
715 542
34 706
763 717
560 791
217 422
303 32
41 168
426 969
61 870
65 256
468 907
363 674
875 813
440 525
894 969
213 546
265 724
367 164
337 821
779 827
327 408
845 135
948 995
259 467
393 457
649 443
283 412
589 930
402 36
328 420
862 326
874 577
614 442
847 571
366 745
387 629
584 955
165 590
491 48
503 641
524 329
395 16
238 378
961 835
502 266
782 809
818 872
355 203
184 332
34 58
572 619
472 848
399 772
740 488
548 461
60 256
183 68
740 66
961 705
102 373
274 265
11 482
73 922
776 667
685 253
963 763
947 539
509 178
348 836
854 827
310 835
259 62
75 166
238 889
753 173
454 235
121 864
425 891
218 936
884 632
158 751
485 776
102 147
619 883
322 20
676 1
88 37
890 564
359 559
18 513
878 514
925 458
175 811
288 492
633 501
180 763
962 892
544 521
274 339
120 672
468 853
556 159
575 570
95 747
244 123
519 128
8 329
711 16
235 455
307 867
644 189
445 594
78 435
412 730
872 783
53 237
638 144
23 513
193 458
348 427
698 816
98 482
917 648
755 384
294 446
656 593
835 728
330 723
779 72
33 46
139 511
754 841
121 997
855 333
989 182
157 263
256 689
202 316
60 731
110 928
390 636
744 358
179 991
24 922
280 780
679 152
919 853
850 304
60 351
236 115
127 418
151 415
891 267
355 621
288 334
630 337
329 932
135 491
991 509
740 910
879 451
805 381
567 59
506 559
481 304
313 695
963 878
34 973
932 580
955 184
375 307
747 7
763 864
21 650
961 112
924 816
166 395
606 603
601 956
710 199
477 933
204 272
78 900
708 786
495 88
191 801
934 584
917 109
366 694
170 778
902 709
304 80
398 58
93 745
308 136
243 622
667 637
599 168
904 346
869 954
7 537
343 443
628 488
780 574
935 917
178 394
952 743
547 539
183 601
775 476
349 873
789 698
229 614
780 636
349 537
413 332
199 850
662 462
973 142
784 337
805 494
427 165
702 102
114 832
388 573
732 747
54 993
755 644
861 152
678 404
407 495
748 746
98 636
501 48
401 573
838 10
474 372
325 396
362 832
894 507
906 182
263 76
666 326
719 72
890 997
912 735
711 647
320 52
711 127
82 245
978 223
585 340
550 993
404 162
73 768
610 332
330 610
859 966
1 62
297 504
401 856
552 437
81 455
115 722
389 789
822 573
500 554
496 763
268 527
690 603
160 344
642 348
198 222
248 352
203 855
197 741
623 902
766 877
511 550
818 421
571 177
266 837
198 280
504 104
39 62
960 380
335 466
223 983
633 764
501 719
8 344
245 313
91 644
597 319
593 839
766 85
903 79
847 844
14 974
575 842
291 771
542 630
671 436
662 60
812 678
499 551
769 804
35 360
388 172
428 62
873 498
526 685
804 343
961 288
21 677
64 561
106 812
54 883
225 876
539 987
262 854
91 459
281 899
494 495
460 517
475 282
908 1
856 688
619 817
813 666
794 771
635 312
930 945
318 854
942 991
460 686
612 595
185 704
42 417
559 961
46 783
820 432
224 301
942 887
845 24
232 401
667 194
259 92
794 484
790 382
854 432
682 365
445 823
512 442
894 199
920 775
700 706
625 917
578 807
377 69
553 268
721 784
844 88
425 841
492 615
898 786
571 648
566 556
462 739
75 164
927 559
109 761
920 695
218 506
169 504
867 128
719 886
934 415
560 723
946 651
14 494
259 688
813 469
453 934
77 109
974 96
185 946
604 672
745 111
215 665
72 987
755 139
849 562
621 848
62 285
760 48
968 878
297 186
874 353
459 932
877 553
311 240
657 527
488 803
736 473
569 86
303 547
102 345
189 119
675 877
1 837
280 542
574 602
897 992
148 627
871 153
568 712
410 603
718 221
678 814
112 661
272 567
704 319
64 277
963 659
533 858
194 184
217 540
77 582
501 126
812 596
255 135
753 739
534 145
171 42
430 858
457 320
84 904
567 714
530 792
341 840
733 809
918 628
291 398
383 602
777 589
369 425
616 571
135 240
862 227
840 910
82 441
172 554
121 350
838 680
347 249
475 769
554 766
555 504
607 223
895 511
838 902
255 756
667 39
63 704
925 295
67 504
463 721
63 665
191 359
143 475
90 371
122 611
133 671
291 710
712 333
681 638
467 909
383 726
269 927
650 564
452 314
229 243
416 650
683 287
899 109
14 751
76 924
812 265
24 335
995 19
437 197
48 34
585 313
815 543
55 65
677 586
534 63
303 944
625 136
58 37
807 66
455 365
408 179
954 356
882 103
265 49
962 226
561 170
374 648
764 204
971 833
32 31
970 278
800 118
394 857
626 152
150 902
467 690
321 245
58 676
299 387
93 57
35 329
201 474
719 539
196 845
467 943
940 22
926 823
181 761
599 304
537 542
91 616
228 197
724 324
855 350
846 424
939 341
997 261
491 315
531 708
842 350
679 929
30 988
695 17
830 712
214 108
334 466
223 420
973 598
540 968
360 851
150 293
474 930
657 141
974 739
475 260
402 551
432 592
601 290
28 369
834 76
588 686
777 688
176 53
101 687
269 104
355 439
957 310
80 48
593 646
753 607
551 732
730 770
192 753
851 581
874 563
292 428
791 210
728 16
852 426
989 877
524 232
495 133
875 767
431 471
499 731
592 228
427 486
759 646
606 563
274 319
977 963
73 209
856 48
112 701
321 736
37 66
725 488
457 591
767 761
82 904
978 351
62 343
559 783
657 136
473 181
466 199
350 432
523 152
659 942
684 948
423 367
270 392
37 577
909 970
74 796
128 492
194 317
471 48
301 848
783 329
520 880
985 781
95 32
395 24
389 631
461 23
614 376
598 449
52 438
732 897
839 849
367 13
476 387
811 902
309 81
484 697
1000 925
55 781
255 566
655 639
765 37
230 71
36 295
434 643
487 592
979 29
94 64
392 873
988 134
825 307
439 736
736 713
266 148
333 899
870 601
268 942
152 382
160 681
816 533
806 646
756 43
269 551
161 967
375 792
508 384
58 241
218 507
353 758
456 320
879 351
508 641
408 439
433 313
144 705
566 337
963 191
695 54
407 517
476 800
264 379
510 271
86 477
815 747
918 68
773 151
718 736
431 766
863 473
255 624
460 140
43 936
806 685
84 634
103 695
991 163
377 223
222 683
6 41
385 192
838 439
483 599
89 491
