5   5
9581 4249
1683 2319
4464 296
645        6731
3267 8144
6881 1447
9229    4170
7870 8589
9370 2731
280 4212
5105 6699
9031 8623
738 6335
5199 436
5595      477
9530 5434
9426 2233
7506 1888
9503 7422
9169 506
1515 2396
1661 9616
5984 8330
6664 6675
8139 5314
2860 9904
1945 1227
5816 1004
6342 272
2201 438
7789 1507
2802 214
5901 8249
8842 5121
5978 684
9210 8642
2448 8890
2686 6574
2180 943
6111 1061
4294 2965
9631 4113
9510 7286
2981 5454
5924 9262
7045 412
5315 2197
2670 6882
4535 8020
266 7154
9799 5108
7110 2987
1967 8779
8309 2592
8596 8033
6529 4559
6254 4059
6208 9058
4671 7790
2111 5148
6639 195
7348 7695
2514 2838
655 9544
8758 4781
1371 8104
9587 8903
4249 3540
9828 5344
5381 8432
3068 9481
4799 9702
4651 5564
350 5684
832 3730
6662 7183
9570 5576
4175 8935
2876 5155
5800 6045
5424 8297
1407 5127
953 4524
410 1305
8213 4561
7105 2361
7690 739
841 7598
547 4200
5919 972
3776 1390
7631 4092
1482 8108
1905 4310
7021 5230
4939 5715
3033 1378
2516 5760
1090 4890
9831 4082
8680 174
8431 1438
9319 1492
5816 6836
556 89
468 6403
5353 9352
8627 7571
1284 2746
4169 4456
924 7180
8048 7612
4662 848
8652 7882
492 7534
4389 7438
2742 5960
4549 9446
5804 5076
2062 631
9294 1751
9777 3779
2960 3361
5565 9113
7735 4002
5292 1767
8512 4532
7604 7422
7611 3166
7026 5335
4239 4932
4062 2881
5300 7320
5660 4984
5456 2741
5629 7644
6629 3337
288 2113
138 7110
5072 7584
7724 7067
3491 4577
1451 4052
8597 9722
6201 6360
7865 6089
8762 6311
8762 7039
8782 7161
7238 6487
5889 9349
2628 6890
1022 77
2259 9912
4357 4296
656 4405
8587 2613
9650 4867
1231 7220
1917 5605
4626 7668
801 8537
4817 2637
2604 5445
4893 1660
6412 9964
9211 910
3539 5445
9259 4855
9935 274
5989 8720
4607 8287
7382 5450
3934 1776
7034 4822
3553 6655
2491 3974
7407 8128
5794 3853
5562 4684
5736 7366
6921 8243
3966 1292
6158 1765
7167 1942
6521 4813
8135 1250
2043 1921
6936 5067
8688 7580
6803 5517
2032 9425
5566 7733
8656 4832
6163 8484
8794 4622
3172 1908
3303 3462
2080 8971
5978 2352
7152 9778
8617 8871
2644 4091
3108 3148
1910 8002
6286 6453
8967 9760
2444 5859
621 3083
3411 8396
9499 4645
2202 9235
1544 9219
8957 1876
8837 4189
8636 3000
1418 266
4593 5572
4098 5720
5603 8703
3388 2305
8485 8709
373 3939
977 5988
4375 1880
7546 967
9217 8600
68 3905
749 5289
6598 4525
7236 5651
199 220
9271 4381
2522 826
3432 2823
7457 2401
2362 9280
9805 3635
172 6537
5900 1766
3436 2753
3376 3821
5182 10
6613 1164
3450 2622
5230 6828
809 1079
600 500
4589 6563
8033 3962
6817 7120
913 893
6772 6656
9166 7476
1 8083
7812 4244
8433 810
6272 4597
7615 8573
1575 229
7884 9430
4185 7021
2731 3995
4221 411
3009 8467
3022 2601
2585 3016
6399 2881
2375 3416
8435 92
5685 4194
5308 6472
7518 6870
6699 39
3299 1608
3209 1224
8364 5361
5163 613
8067 2985
2210 3833
925 2072
1723 8593
1607 5460
8534 5308
8690 4324
2139 24
5909 5808
3601 1382
2208 6990
4879 218
1657 8517
8704 9159
5321 6832
4600 7139
1433 7896
3444 1758
2955 3316
1602 3875
796 7862
5581 4356
5953 2538
8734 8073
4176 9987
2733 8659
5278 4628
7050 9213
6315 8011
8797 5815
812 5250
3392 7062
2258 8709
4275 9386
6119 1014
3156 1920
6113 2385
2254 3814
4245 1133
1832 376
4820 7854
1546 638
2820 1583
4784 9755
9754 9835
1782 6084
260 4352
8391 5887
4786 36
7891 1370
756 7501
8057 5949
9810 9303
7517 5046
3620 2524
8767 4486
4231 2387
4373 6898
2237 2359
8397 571
5631 8352
608 2228
2802 9528
3456 5688
7160 5304
1984 5188
4852 3737
4327 1731
5467 2453
9512 7353
1105 7328
5859 7884
878 9506
8661 8463
3864 7894
4538 7438
1778 8766
4306 6692
6458 846
9048 8745
3677 2125
456 3072
8085 4823
8138 5169
5472 9859
4177 1287
9786 7387
9296 708
3527 8229
2197 6383
4340 1904
1796 3711
4806 5705
5704 3885
1163 3276
6848 2228
9600 636
249 9080
9701 1518
140 3164
5879 4500
2173 6412
5937 598
1021 2386
8909 2653
9524 5127
8397 4856
6625 8869
7937 3539
6582 3411
1538 9182
2229 4643
4065 2267
4311 2074
6202 6088
2718 6129
3057 9343
9211 5206
9095 2316
2066 9798
6097 9548
1188 298
3770 6342
6604 3374
951 2115
2774 6671
5505 3526
8238 2810
2536 1962
6264 3636
3219 2325
3375 5663
9568 4406
9353 9327
8089 1477
2798 4986
8768 1324
4311 8803
4576 9295
5908 122
4932 9431
9115 9041
4156 2526
5671 6416
4782 8377
6863 5512
3009 4487
8622 1946
7240 4742
3699 3602
9421 4095
9425 6914
289 8262
7701 3910
7910 4319
7743 8592
9393 3131
8351 4303
2116 7720
43 8720
5675 1156
4715 7135
1791 8621
8987 4850
9663 6811
5957 2691
2139 9641
9504 8161
6190 153
372 7971
1099 755
634 96
7486 9497
6496 137
6804 3807
5344 7382
3552 1065
5078 8637
4592 4759
9760 8095
767 2125
802 4391
1831 5007
680 8775
5078 5826
519 2573
4055 2031
3228 8043
574 4156
5541 9256
7395 3492
5149 5832
6079 2887
5665 9544
6332 3742
300 3803
9278 3778
2716 6825
5611 7040
2467 1189
3023 1125
2657 4489
5349 4730
8167 9731
9228 8242
1217 7938
661 8671
5880 9233
5585 5625
3122 9170
8048 8246
7608 2353
6796 9645
8532 5168
8948 9760
6098 3746
9903 5953
3054 4465
757 8638
8871 125
4054 1128
7241 9541
1888 9381
8960 979
634 6839
5469 5613
5006 1721
1157 195
5770 4421
9338 8006
1255 5783
2967 9337
3713 3108
5442 6085
4707 8602
8602 7793
8188 9778
437 4659
4196 5542
1087 3938
3897 7048
4721 9150
9224 5724
7697 3220
351 6101
6107 7901
7555 7220
5879 9249
5859 9135
8519 4381
3969 7457
2328 9880
2486 1585
4490 1820
3382 194
1883 6783
10 3778
376 5885
7309 5086
6868 4043
4039 7256
264 7635
1912 4867
6412 6547
2731 3960
7611 9252
4582 9146
2378 916
8710 7463
8259 4407
5648 569
8699 8515
1305 4610
7652 3960
798 1708
1478 9346
3193 7483
1913 3659
5573 7621
4211 8234
2505 3095
1039 5539
6154 9167
5483 4117
3780 9050
9249 3677
3225 4069
7100 239
3127 7003
5790 4515
6380 2671
1131 2411
852 8930
7082 6197
7223 5728
1453 9369
3577 4414
3448 7820
9348 200
4071 1687
8622 9340
8471 7427
4570 2282
9013 7255
1598 2662
5767 5133
8770 5105
5258 6959
3098 2615
8078 7506
1500 278
7303 7819
140 1692
5630 6554
9215 7187
6177 6060
295 2737
2186 1085
4182 4903
1134 3396
2969 5662
3561 5146
7877 2775
3030 9222
169 5827
5436 8243
5043 9316
5564 7528
2180 9231
7114 7403
9053 3427
5256 5985
9163 5667
5387 90
7827 585
3041 7550
4771 5209
2738 753
4863 5117
5422 3426
4374 7319
8555 2814
8433 3140
2707 1416
5799 7399
4408 4504
2083 6673
41 7150
7820 313
7932 5381
1835 5682
14 8221
2340 1585
3575 1717
1172 8920
8759 3823
8892 7725
9964 5527
4522 7549
4562 740
7346 3152
4714 2933
5499 1862
1431 6117
526 3740
2183 145
5591 8725
4856 309
7678 4576
528 5916
9528 8038
9814 3940
4988 4964
8492 9340
879 6149
5158 8898
8794 750
5344 4330
5653 3785
6033 8747
1748 8051
7769 2018
8693 1224
3654 2569
7570 3054
4950 3607
9493 1850
4837 9426
1046 5903
3172 4755
8525 4481
9152 3649
3181 3833
1745 7322
9121 6129
9537 1303
7512 9059
576 5598
7695 7778
861 7146
22 3128
2964 3713
4320 4673
4753 2867
3701 4841
7844 95
5739 960
3858 5060
4077 7304
142 9945
7262 8412
2180 5996
7546 279
4356 9437
142 909
8141 6351
8642 9417
548 7743
7242 9935
8847 6868
2650 1991
6129 9536
5184 9949
927 3534
9760 7088
4609 4219
544 1546
5097 5136
6677 9498
9513 2346
2549 9526
3446 6271
4417 3663
624 9820
2018 7921
6285 5442
2533 9643
7539 9891
5126 7902
8407 9245
4991 5614
6747 6102
9482 1370
1665 2588
4855 3341
4055 9415
9044 9297
2951 748
222 5813
4567 3542
4293 7236
887 3043
7369 1732
2244 1731
5126 7589
658 3518
8973 4979
653 5488
7491 2178
8684 8243
9532 2379
9114 5891
5171 4561
2337 5635
3712 4791
5711 1221
3079 354
6913 2694
1530 7578
636 3681
3496 8525
3565 8044
2102 7172
6897 3729
8040 3490
8198 9260
91 9666
7504 4539
1270 3957
374 9319
8551 6666
4804 1798
2424 7311
9252 9830
623 4663
423 7268
2539 2273
7682 224
1087 7980
9372 5628
1501 4935
5956 5935
2335 6694
1885 2583
8513 7660
9959 1286
7854 3925
5117 9245
8891 8184
3532 6368
1162 657
5422 880
8258 7251
5604 5340
844 9616
1992 1437
9396 6751
5744 1726
2981 7619
4775 2305
821 2518
4131 5927
1125 5917
4731 6676
5532 7760
1662 2461
3947 4297
5143 2171
6590 1980
6659 5280
2319 2141
3136 2560
1388 2811
9188 1987
6775 4162
9560 6969
1872 7351
8621 9412
9770 245
3306 4792
458 4023
7115 9907
533 587
4439 2702
2967 4631
5478 3970
46 185
8666 4424
5787 83
2189 1552
7403 2763
2936 8356
6621 3333
9416 445
5722 4071
8597 6916
2737 2990
2382 8326
3871 3656
192 8211
2876 2743
1041 8586
8264 1402
7617 9620
5532 7154
5426 6135
6856 149
9237 7046
4658 2837
9705 5358
659 234
1206 3636
8473 1403
6525 8975
2390 8755
3886 4126
5188 1776
3905 1857
6193 4481
11 332
4583 2808
1236 3636
1392 7500
5554 9053
9195 6778
8854 2685
3021 4689
920 6682
2127 7792
9277 6936
2361 9922
6476 7759
9543 2800
7719 2747
8093 7762
4971 6005
8876 253
9781 997
4372 9175
7528 1079
2141 8880
3775 4439
4308 6563
281 9131
8944 5504
4593 9538
398 1525
3638 561
2455 5905
1740 9365
8052 679
2635 4535
925 2097
7100 9317
3592 1340
4584 9115
1865 7199
9928 9542
4750 7015
3533 4540
5302 2600
5231 563
1437 2504
503 8628
8534 3463
553 520
6933 3752
7194 8174
20 2162
5074 3855
9688 1971
5408 4350
6601 3305
9603 3032
6631 9798
7122 2898
118 6771
6775 5682
2537 2837
8246 3909
3984 8282
5023 2893
2959 422
3823 2951
2179 247
4227 1765
5684 8798
738 110
4084 4705
6143 9566
3243 6430
2614 1704
4238 8306
663 1945
8302 7886
3658 152
8095 97
9897 5363
6285 9404
1524 42
2744 9060
3220 223
1856 4696
253 6388
9528 1460
5097 6348
8950 9991
3328 3785
9133 3595
501 6485
9167 6083
4194 2499
5043 9636
8595 8089
1310 6054
2576 1740
807 4652
3191 2904
9307 940
1137 383
446 8345
9150 9001
3786 1993
2263 30
3568 4924
3865 5054
2155 9025
8910 3845
7353 5576
6772 9300
3804 416
471 2564
7918 3810
6324 1171
2024 9094
7210 839
5544 3443
5196 562
3985 3065
7783 5318
7916 1084
3218 1828
7399 9880
1365 9599
3755 4474
1208 1949
2789 2530
292 9444
1612 7637
1990 2379
3925 7777
6975 6757
3810 4650
2548 7960
6539 5784
921 8361
1992 5525
5110 6305
9768 516
4122 7670
4604 3722
1605 6378
8256 4556
3098 7065
3004 9188
7538 4445
5790 9616
4774 589
569 3080
5363 8868
8768 4683
4237 4383
