1 10 20
1001 1010 143
2001 2010 144
3001 3010 155
4001 4010 158
5001 5010 179
6001 6010 143
7001 7010 182
8001 8010 146
9001 9010 141
10001 10010 180
11001 11010 193
12001 12010 144
13001 13010 139
14001 14010 152
15001 15010 178
16001 16010 147
17001 17010 204
18001 18010 142
19001 19010 168
20001 20010 181
21001 21010 150
22001 22010 176
23001 23010 238
24001 24010 145
25001 25010 158
26001 26010 140
27001 27010 215
28001 28010 184
29001 29010 166
30001 30010 179
31001 31010 179
32001 32010 184
33001 33010 192
34001 34010 205
35001 35010 205
36001 36010 218
37001 37010 187
38001 38010 169
39001 39010 275
40001 40010 182
41001 41010 151
42001 42010 151
43001 43010 195
44001 44010 195
45001 45010 177
46001 46010 190
47001 47010 146
48001 48010 221
49001 49010 172
50001 50010 128
51001 51010 203
52001 52010 172
53001 53010 247
54001 54010 216
55001 55010 216
56001 56010 154
57001 57010 190
58001 58010 123
59001 59010 273
60001 60010 180
61001 61010 180
62001 62010 180
63001 63010 149
64001 64010 224
65001 65010 149
66001 66010 193
67001 67010 268
68001 68010 206
69001 69010 175
70001 70010 281
71001 71010 219
72001 72010 219
73001 73010 157
74001 74010 188
75001 75010 307
76001 76010 193
77001 77010 170
78001 78010 201
79001 79010 201
80001 80010 183
81001 81010 276
82001 82010 152
83001 83010 108
84001 84010 196
85001 85010 240
86001 86010 196
87001 87010 165
88001 88010 196
89001 89010 134
90001 90010 165
91001 91010 178
92001 92010 178
93001 93010 178
94001 94010 147
95001 95010 222
96001 96010 222
97001 97010 147
98001 98010 160
99001 99010 284
100001 100010 310
101001 101010 204
102001 102010 204
103001 103010 111
104001 104010 204
105001 105010 204
106001 106010 248
107001 107010 155
108001 108010 279
109001 109010 186
110001 110010 217
111001 111010 186
112001 112010 199
113001 113010 137
114001 114010 191
115001 115010 199
116001 116010 181
117001 117010 199
118001 118010 150
119001 119010 243
120001 120010 168
121001 121010 212
122001 122010 181
123001 123010 168
124001 124010 181
125001 125010 150
126001 126010 150
127001 127010 150
128001 128010 225
129001 129010 194
130001 130010 150
131001 131010 163
132001 132010 287
133001 133010 238
134001 134010 145
135001 135010 163
136001 136010 207
137001 137010 176
138001 138010 145
139001 139010 189
140001 140010 282
141001 141010 176
142001 142010 220
143001 143010 282
144001 144010 220
145001 145010 189
146001 146010 158
147001 147010 158
148001 148010 189
149001 149010 114
150001 150010 233
151001 151010 264
152001 152010 194
153001 153010 202
154001 154010 52
155001 155010 171
156001 156010 202
157001 157010 171
158001 158010 171
159001 159010 246
160001 160010 171
161001 161010 246
162001 162010 246
163001 163010 184
164001 164010 171
165001 165010 215
166001 166010 91
167001 167010 290
168001 168010 153
169001 169010 290
170001 170010 228
171001 171010 334
172001 172010 197
173001 173010 228
174001 174010 179
175001 175010 228
176001 176010 197
177001 177010 210
178001 178010 135
179001 179010 166
180001 180010 166
181001 181010 117
182001 182010 179
183001 183010 179
184001 184010 148
185001 185010 254
186001 186010 179
187001 187010 210
188001 188010 179
189001 189010 135
190001 190010 223
191001 191010 148
192001 192010 254
193001 193010 223
194001 194010 148
195001 195010 298
196001 196010 148
197001 197010 161
198001 198010 192
199001 199010 143
200001 200010 192
201001 201010 174
202001 202010 205
203001 203010 223
204001 204010 205
205001 205010 174
206001 206010 112
207001 207010 143
208001 208010 205
209001 209010 280
210001 210010 174
211001 211010 311
212001 212010 249
213001 213010 218
214001 214010 125
215001 215010 143
216001 216010 249
217001 217010 249
218001 218010 187
219001 219010 187
220001 220010 156
221001 221010 125
222001 222010 187
223001 223010 262
224001 224010 156
225001 225010 231
226001 226010 138
227001 227010 218
228001 228010 337
229001 229010 94
230001 230010 200
231001 231010 169
232001 232010 138
233001 233010 182
234001 234010 169
235001 235010 138
236001 236010 213
237001 237010 169
238001 238010 169
239001 239010 213
240001 240010 169
241001 241010 213
242001 242010 213
243001 243010 244
244001 244010 182
245001 245010 182
246001 246010 169
247001 247010 195
248001 248010 182
249001 249010 120
250001 250010 151
251001 251010 182
252001 252010 257
253001 253010 195
254001 254010 107
255001 255010 226
256001 256010 257
257001 257010 345
258001 258010 195
259001 259010 195
260001 260010 301
261001 261010 301
262001 262010 195
263001 263010 195
264001 264010 195
265001 265010 164
266001 266010 239
267001 267010 239
268001 268010 177
269001 269010 195
270001 270010 115
271001 271010 270
272001 272010 208
273001 273010 177
274001 274010 177
275001 275010 146
276001 276010 146
277001 277010 177
278001 278010 190
279001 279010 177
280001 280010 177
281001 281010 190
282001 282010 159
283001 283010 252
284001 284010 221
285001 285010 221
286001 286010 252
287001 287010 239
288001 288010 252
289001 289010 190
290001 290010 177
291001 291010 146
292001 292010 190
293001 293010 159
294001 294010 128
295001 295010 234
296001 296010 190
297001 297010 190
298001 298010 234
299001 299010 265
300001 300010 234
301001 301010 203
302001 302010 265
303001 303010 159
304001 304010 340
305001 305010 234
306001 306010 203
307001 307010 172
308001 308010 190
309001 309010 216
310001 310010 172
311001 311010 247
312001 312010 203
313001 313010 110
314001 314010 172
315001 315010 247
316001 316010 172
317001 317010 110
318001 318010 247
319001 319010 247
320001 320010 172
321001 321010 353
322001 322010 154
323001 323010 172
324001 324010 247
325001 325010 185
326001 326010 154
327001 327010 185
328001 328010 260
329001 329010 172
330001 330010 185
331001 331010 216
332001 332010 123
333001 333010 185
334001 334010 167
335001 335010 322
336001 336010 260
337001 337010 198
338001 338010 291
339001 339010 136
340001 340010 229
341001 341010 167
342001 342010 335
343001 343010 273
344001 344010 229
345001 345010 198
346001 346010 229
347001 347010 211
348001 348010 304
349001 349010 167
350001 350010 229
351001 351010 198
352001 352010 198
353001 353010 273
354001 354010 211
355001 355010 154
356001 356010 242
357001 357010 167
358001 358010 123
359001 359010 211
360001 360010 118
361001 361010 255
362001 362010 92
363001 363010 211
364001 364010 180
365001 365010 198
366001 366010 180
367001 367010 211
368001 368010 149
369001 369010 167
370001 370010 255
371001 371010 193
372001 372010 180
373001 373010 255
374001 374010 149
375001 375010 255
376001 376010 162
377001 377010 136
378001 378010 118
379001 379010 224
380001 380010 224
381001 381010 224
382001 382010 149
383001 383010 180
384001 384010 255
385001 385010 185
386001 386010 224
387001 387010 193
388001 388010 149
389001 389010 193
390001 390010 136
391001 391010 224
392001 392010 149
393001 393010 131
394001 394010 118
395001 395010 268
396001 396010 193
397001 397010 144
398001 398010 144
399001 399010 237
400001 400010 237
401001 401010 237
402001 402010 175
403001 403010 250
404001 404010 162
405001 405010 113
406001 406010 224
407001 407010 113
408001 408010 206
409001 409010 162
410001 410010 175
411001 411010 312
412001 412010 219
413001 413010 175
414001 414010 237
415001 415010 175
416001 416010 206
417001 417010 188
418001 418010 281
419001 419010 175
420001 420010 281
421001 421010 113
422001 422010 131
423001 423010 175
424001 424010 250
425001 425010 206
426001 426010 219
427001 427010 188
428001 428010 100
429001 429010 250
430001 430010 131
431001 431010 325
432001 432010 219
433001 433010 188
434001 434010 250
435001 435010 188
436001 436010 188
437001 437010 250
438001 438010 149
439001 439010 294
440001 440010 188
441001 441010 263
442001 442010 126
443001 443010 170
444001 444010 255
445001 445010 188
446001 446010 263
447001 447010 144
448001 448010 139
449001 449010 188
450001 450010 232
451001 451010 232
452001 452010 113
453001 453010 263
454001 454010 232
455001 455010 201
456001 456010 338
457001 457010 201
458001 458010 95
459001 459010 201
460001 460010 307
461001 461010 201
462001 462010 188
463001 463010 170
464001 464010 307
465001 465010 201
466001 466010 170
467001 467010 245
468001 468010 201
469001 469010 170
470001 470010 108
471001 471010 170
472001 472010 214
473001 473010 276
474001 474010 170
475001 475010 245
476001 476010 170
477001 477010 170
478001 478010 214
479001 479010 245
480001 480010 121
481001 481010 214
482001 482010 214
483001 483010 245
484001 484010 183
485001 485010 276
486001 486010 214
487001 487010 175
488001 488010 183
489001 489010 307
490001 490010 183
491001 491010 139
492001 492010 170
493001 493010 214
494001 494010 183
495001 495010 214
496001 496010 183
497001 497010 152
498001 498010 121
499001 499010 227
500001 500010 152
501001 501010 165
502001 502010 165
503001 503010 152
504001 504010 258
505001 505010 271
506001 506010 196
507001 507010 289
508001 508010 227
509001 509010 227
510001 510010 227
511001 511010 196
512001 512010 227
513001 513010 333
514001 514010 346
515001 515010 196
516001 516010 227
517001 517010 258
518001 518010 196
519001 519010 227
520001 520010 152
521001 521010 227
522001 522010 302
523001 523010 209
524001 524010 134
525001 525010 227
526001 526010 196
527001 527010 227
528001 528010 196
529001 529010 178
530001 530010 165
531001 531010 209
532001 532010 240
533001 533010 209
534001 534010 165
535001 535010 147
536001 536010 178
537001 537010 147
538001 538010 116
539001 539010 240
540001 540010 90
541001 541010 209
542001 542010 271
543001 543010 116
544001 544010 209
545001 545010 178
546001 546010 209
547001 547010 178
548001 548010 315
549001 549010 222
550001 550010 147
551001 551010 271
552001 552010 147
553001 553010 240
554001 554010 240
555001 555010 253
556001 556010 147
557001 557010 222
558001 558010 116
559001 559010 222
560001 560010 284
561001 561010 116
562001 562010 191
563001 563010 253
564001 564010 178
565001 565010 253
566001 566010 253
567001 567010 253
568001 568010 222
569001 569010 240
570001 570010 222
571001 571010 284
572001 572010 253
573001 573010 222
574001 574010 240
575001 575010 222
576001 576010 222
577001 577010 209
578001 578010 191
579001 579010 359
580001 580010 160
581001 581010 191
582001 582010 129
583001 583010 328
584001 584010 372
585001 585010 204
586001 586010 160
587001 587010 222
588001 588010 266
589001 589010 173
590001 590010 222
591001 591010 129
592001 592010 258
593001 593010 266
594001 594010 191
595001 595010 191
596001 596010 147
597001 597010 222
598001 598010 266
599001 599010 129
600001 600010 235
601001 601010 341
602001 602010 142
603001 603010 173
604001 604010 266
605001 605010 129
606001 606010 111
607001 607010 266
608001 608010 341
609001 609010 222
610001 610010 217
611001 611010 204
612001 612010 173
613001 613010 160
614001 614010 204
615001 615010 235
616001 616010 173
617001 617010 204
618001 618010 217
619001 619010 310
620001 620010 173
621001 621010 204
622001 622010 248
623001 623010 173
624001 624010 204
625001 625010 173
626001 626010 111
627001 627010 279
628001 628010 173
629001 629010 217
630001 630010 248
631001 631010 204
632001 632010 173
633001 633010 204
634001 634010 103
635001 635010 279
636001 636010 173
637001 637010 235
638001 638010 248
639001 639010 248
640001 640010 72
641001 641010 186
642001 642010 354
643001 643010 173
644001 644010 248
645001 645010 230
646001 646010 173
647001 647010 204
648001 648010 217
649001 649010 204
650001 650010 186
651001 651010 248
652001 652010 310
653001 653010 230
654001 654010 186
655001 655010 186
656001 656010 186
657001 657010 217
658001 658010 173
659001 659010 147
660001 660010 168
661001 661010 199
662001 662010 186
663001 663010 230
664001 664010 124
665001 665010 116
666001 666010 155
667001 667010 142
668001 668010 168
669001 669010 261
670001 670010 261
671001 671010 186
672001 672010 261
673001 673010 199
674001 674010 186
675001 675010 230
676001 676010 292
677001 677010 261
678001 678010 137
679001 679010 230
680001 680010 230
681001 681010 168
682001 682010 199
683001 683010 261
684001 684010 336
685001 685010 199
686001 686010 199
687001 687010 217
688001 688010 230
689001 689010 199
690001 690010 199
691001 691010 168
692001 692010 230
693001 693010 155
694001 694010 212
695001 695010 230
696001 696010 305
697001 697010 186
698001 698010 243
699001 699010 230
700001 700010 305
701001 701010 243
702001 702010 199
703001 703010 274
704001 704010 199
705001 705010 137
706001 706010 199
707001 707010 230
708001 708010 212
709001 709010 199
710001 710010 274
711001 711010 235
712001 712010 168
713001 713010 181
714001 714010 168
715001 715010 243
716001 716010 256
717001 717010 212
718001 718010 212
719001 719010 256
720001 720010 199
721001 721010 181
722001 722010 256
723001 723010 243
724001 724010 119
725001 725010 119
726001 726010 181
727001 727010 243
728001 728010 181
729001 729010 243
730001 730010 88
731001 731010 199
732001 732010 243
733001 733010 212
734001 734010 212
735001 735010 181
736001 736010 150
737001 737010 181
738001 738010 181
739001 739010 212
740001 740010 256
741001 741010 287
742001 742010 194
743001 743010 212
744001 744010 119
745001 745010 124
746001 746010 212
747001 747010 119
748001 748010 119
749001 749010 181
750001 750010 137
751001 751010 256
752001 752010 181
753001 753010 163
754001 754010 137
755001 755010 212
756001 756010 132
757001 757010 256
758001 758010 225
759001 759010 194
760001 760010 225
761001 761010 287
762001 762010 225
763001 763010 269
764001 764010 225
765001 765010 225
766001 766010 181
767001 767010 225
768001 768010 225
769001 769010 225
770001 770010 186
771001 771010 344
772001 772010 362
773001 773010 256
774001 774010 194
775001 775010 225
776001 776010 150
777001 777010 194
778001 778010 194
779001 779010 300
780001 780010 207
781001 781010 163
782001 782010 225
783001 783010 300
784001 784010 269
785001 785010 225
786001 786010 132
787001 787010 101
788001 788010 119
789001 789010 194
790001 790010 194
791001 791010 207
792001 792010 194
793001 793010 194
794001 794010 101
795001 795010 269
796001 796010 225
797001 797010 145
798001 798010 238
799001 799010 225
800001 800010 194
801001 801010 238
802001 802010 238
803001 803010 93
804001 804010 176
805001 805010 238
806001 806010 251
807001 807010 225
808001 808010 119
809001 809010 269
810001 810010 194
811001 811010 282
812001 812010 225
813001 813010 269
814001 814010 62
815001 815010 225
816001 816010 176
817001 817010 269
818001 818010 163
819001 819010 207
820001 820010 238
821001 821010 313
822001 822010 207
823001 823010 194
824001 824010 220
825001 825010 313
826001 826010 176
827001 827010 238
828001 828010 207
829001 829010 313
830001 830010 145
831001 831010 189
832001 832010 207
833001 833010 189
834001 834010 137
835001 835010 207
836001 836010 282
837001 837010 313
838001 838010 176
839001 839010 282
840001 840010 251
841001 841010 207
842001 842010 106
843001 843010 220
844001 844010 207
845001 845010 326
846001 846010 176
847001 847010 189
848001 848010 158
849001 849010 251
850001 850010 189
851001 851010 357
852001 852010 251
853001 853010 251
854001 854010 132
855001 855010 220
856001 856010 357
857001 857010 176
858001 858010 251
859001 859010 220
860001 860010 233
861001 861010 238
862001 862010 158
863001 863010 220
864001 864010 220
865001 865010 326
866001 866010 189
867001 867010 207
868001 868010 251
869001 869010 202
870001 870010 189
871001 871010 163
872001 872010 220
873001 873010 158
874001 874010 251
875001 875010 150
876001 876010 220
877001 877010 176
878001 878010 295
879001 879010 158
880001 880010 171
881001 881010 189
882001 882010 264
883001 883010 158
884001 884010 127
885001 885010 220
886001 886010 145
887001 887010 233
888001 888010 158
889001 889010 264
890001 890010 189
891001 891010 264
892001 892010 171
893001 893010 264
894001 894010 145
895001 895010 189
896001 896010 140
897001 897010 264
898001 898010 189
899001 899010 202
900001 900010 189
901001 901010 277
902001 902010 233
903001 903010 202
904001 904010 140
905001 905010 233
906001 906010 264
907001 907010 233
908001 908010 202
909001 909010 202
910001 910010 202
911001 911010 264
912001 912010 339
913001 913010 264
914001 914010 145
915001 915010 215
916001 916010 220
917001 917010 140
918001 918010 202
919001 919010 202
920001 920010 202
921001 921010 171
922001 922010 202
923001 923010 189
924001 924010 171
925001 925010 233
926001 926010 171
927001 927010 476
928001 928010 308
929001 929010 140
930001 930010 202
931001 931010 171
932001 932010 233
933001 933010 246
934001 934010 233
935001 935010 184
936001 936010 321
937001 937010 321
938001 938010 171
939001 939010 202
940001 940010 140
941001 941010 264
942001 942010 171
943001 943010 202
944001 944010 215
945001 945010 277
946001 946010 277
947001 947010 308
948001 948010 171
949001 949010 246
950001 950010 246
951001 951010 153
952001 952010 171
953001 953010 184
954001 954010 153
955001 955010 277
956001 956010 202
957001 957010 246
958001 958010 246
959001 959010 246
960001 960010 202
961001 961010 246
962001 962010 215
963001 963010 352
964001 964010 246
965001 965010 233
966001 966010 246
967001 967010 140
968001 968010 184
969001 969010 184
970001 970010 215
971001 971010 290
972001 972010 246
973001 973010 321
974001 974010 176
975001 975010 202
976001 976010 246
977001 977010 334
978001 978010 308
979001 979010 215
980001 980010 158
981001 981010 184
982001 982010 122
983001 983010 259
984001 984010 171
985001 985010 246
986001 986010 153
987001 987010 171
988001 988010 290
989001 989010 184
990001 990010 166
991001 991010 215
992001 992010 122
993001 993010 215
994001 994010 153
995001 995010 228
996001 996010 122
997001 997010 153
998001 998010 228
999001 999010 184
