1 1
1 10
100 200
201 210
900 1000
937 884
57 464
908 631
731 75
174 384
998 469
875 729
55 607
111 355
760 871
515 190
87 290
305 536
124 781
1 812
739 812
869 374
506 95
109 503
681 459
423 242
754 892
589 266
695 655
110 482
451 997
659 215
960 565
70 991
887 340
475 239
605 176
634 174
82 818
931 989
388 242
887 787
814 655
332 526
588 526
484 851
148 404
931 371
651 670
480 238
643 784
90 526
72 729
44 364
686 683
87 459
43 529
320 91
750 324
399 842
481 447
317 226
587 702
397 901
758 8
932 938
232 298
542 655
100 917
200 36
32 161
860 653
467 384
410 328
753 709
728 580
440 732
828 814
159 548
873 272
920 654
875 961
837 180
384 717
830 896
754 594
538 810
103 846
112 460
317 827
326 825
206 559
980 441
213 132
177 236
904 293
714 648
701 485
384 632
700 743
33 780
692 362
570 98
385 338
456 732
474 203
908 67
936 158
749 138
498 822
555 106
831 474
284 7
151 442
556 156
617 469
701 931
292 735
154 646
848 806
699 737
883 535
870 501
660 726
276 348
740 27
910 254
466 697
776 892
555 427
985 234
836 836
452 504
668 715
137 933
711 529
160 873
935 755
822 719
749 205
803 389
371 940
124 57
497 646
308 631
959 9
195 698
768 490
871 817
832 884
59 498
107 265
994 290
340 972
122 503
736 593
742 908
987 339
181 306
858 608
520 924
243 587
965 588
713 746
73 69
259 193
306 453
209 243
211 847
196 183
253 789
721 622
966 518
109 726
751 134
46 781
183 202
587 330
734 790
277 573
155 184
519 674
460 213
852 833
835 543
136 694
817 982
866 758
600 592
500 668
605 330
301 374
717 992
512 667
471 787
126 528
127 54
863 544
854 430
617 628
715 43
179 967
498 181
667 853
353 558
816 158
566 668
748 762
953 581
983 264
839 352
303 728
377 38
286 836
289 900
528 441
237 874
327 559
617 636
989 740
62 8
412 624
632 297
794 858
161 530
157 237
501 966
537 823
1 240
737 661
913 798
543 461
209 433
689 217
725 706
850 828
29 712
810 27
684 914
401 324
184 770
574 150
762 404
452 596
434 210
940 131
596 436
456 272
40 451
265 893
199 642
331 357
534 929
248 128
947 698
696 569
979 545
665 183
503 210
647 573
284 607
438 96
421 692
985 451
121 572
374 607
764 339
871 334
760 103
594 515
82 864
390 899
309 576
581 139
650 274
890 48
411 422
679 665
942 739
670 391
881 784
444 754
558 576
980 778
5 540
685 606
511 274
827 701
99 659
384 437
185 627
524 739
375 336
913 597
825 172
462 290
296 477
312 739
22 637
192 724
774 739
744 403
27 881
295 242
111 922
248 249
477 160
943 700
152 325
857 530
840 180
663 154
757 548
159 357
656 14
884 641
380 71
635 738
211 633
699 98
870 568
875 743
731 579
135 632
443 137
596 73
837 385
684 489
302 775
753 574
352 3
194 852
480 130
713 632
271 937
86 470
99 538
37 15
713 825
841 872
937 124
818 398
344 380
509 937
389 180
147 174
339 601
109 613
767 527
237 989
509 43
576 464
268 272
34 362
777 435
233 859
206 349
95 547
845 846
58 141
99 910
3 380
493 589
407 599
590 943
451 157
211 891
230 726
835 699
548 276
435 641
953 369
615 901
911 304
673 618
567 204
211 603
362 67
875 218
399 833
545 372
358 27
185 818
500 100
102 464
184 97
197 866
519 969
338 833
288 980
349 269
982 422
586 684
869 358
132 703
843 646
492 547
17 260
987 557
778 849
388 188
282 380
862 480
180 902
265 640
431 917
663 475
212 293
555 650
702 215
817 740
627 957
400 822
154 641
835 98
529 505
134 385
93 967
503 993
491 364
741 347
223 787
617 577
628 33
749 856
367 466
685 506
780 161
228 846
497 97
955 91
265 720
332 202
565 911
259 665
914 86
69 435
903 748
180 956
973 397
326 143
446 714
519 729
678 979
632 778
776 309
589 578
376 555
426 497
315 36
194 742
803 13
733 182
437 143
879 576
540 355
748 611
619 98
368 206
207 532
13 531
330 909
584 51
442 829
692 975
54 290
671 720
659 597
711 543
984 355
200 901
997 485
953 265
531 848
337 138
695 440
97 6
977 641
21 795
53 835
743 945
909 531
914 194
146 752
451 774
598 531
762 477
445 694
152 66
318 433
449 228
3 838
148 745
210 681
927 321
586 401
442 311
656 730
991 807
850 469
944 959
702 233
363 695
817 115
406 537
877 97
15 503
12 959
735 37
49 854
502 996
928 318
805 544
238 453
814 802
63 578
823 816
563 931
139 721
258 244
812 641
284 577
404 988
502 837
225 241
850 950
962 578
986 99
798 62
33 635
251 792
907 270
820 444
89 934
574 734
917 297
843 978
552 323
855 593
79 149
170 386
158 595
696 158
201 135
153 216
656 639
892 800
462 753
380 253
695 610
698 736
901 519
111 405
402 173
39 804
583 364
900 877
310 278
472 682
711 837
759 773
174 460
842 876
808 130
628 561
360 652
198 942
480 696
366 356
712 658
569 218
402 60
34 261
59 758
905 221
616 858
889 368
326 500
490 819
847 760
629 88
449 270
26 315
986 320
527 460
567 884
909 353
121 663
564 367
10 910
171 260
332 412
965 67
647 323
222 738
711 298
45 788
61 30
448 489
909 833
71 901
981 634
202 8
146 96
290 467
801 410
714 87
913 681
116 135
625 874
65 401
718 165
478 534
89 985
675 640
53 926
624 101
130 599
136 122
163 560
186 64
720 527
995 478
291 770
18 18
837 923
853 605
11 192
378 655
214 620
744 902
477 471
635 116
836 797
661 501
908 298
840 834
182 705
250 503
543 490
371 637
951 511
918 621
576 6
965 380
78 826
648 638
848 994
227 90
84 202
774 914
156 822
514 994
438 554
584 855
620 113
844 546
319 659
245 169
59 721
340 976
707 545
921 750
307 753
878 173
152 410
545 796
249 121
534 161
320 423
510 237
551 367
44 27
386 635
903 838
735 869
82 710
237 570
219 836
693 131
716 870
753 558
19 95
500 408
813 306
963 81
881 795
71 210
295 77
505 495
920 150
656 348
876 169
607 450
990 222
50 413
803 512
567 199
776 285
909 634
172 179
780 828
152 928
3 78
126 687
163 317
187 449
292 96
850 688
980 609
63 306
108 791
402 340
731 939
53 274
183 355
274 202
620 626
569 387
70 389
226 761
530 16
474 344
381 736
937 657
17 948
493 265
540 789
12 146
108 75
442 254
118 629
498 199
433 776
270 471
736 829
193 957
492 77
477 534
984 314
478 870
394 43
891 577
531 864
626 203
662 640
649 580
209 872
698 806
462 265
220 11
604 553
782 356
506 750
739 828
969 154
598 383
862 884
65 839
889 548
27 209
764 960
689 565
713 770
790 183
899 89
550 231
738 560
944 574
787 19
976 400
475 907
287 812
284 699
516 166
347 446
69 382
197 123
734 169
23 474
809 651
805 146
108 657
244 150
416 959
850 103
144 121
645 675
22 164
950 832
946 841
844 221
101 329
683 527
310 198
974 210
97 188
393 805
561 984
981 35
699 365
711 128
19 149
294 532
640 200
629 33
346 542
308 211
411 86
222 245
106 7
448 786
854 268
546 159
438 646
410 754
617 397
741 757
832 737
463 768
188 648
591 327
683 451
325 401
232 653
385 569
213 298
918 631
315 322
320 536
361 768
290 10
110 776
559 203
497 385
873 487
348 307
692 145
599 169
93 219
167 967
755 618
970 334
48 328
827 94
751 624
484 289
179 270
750 826
598 293
569 757
318 564
443 139
959 603
366 938
258 653
386 367
809 54
664 595
269 41
872 136
447 405
482 335
8 664
954 631
178 794
847 207
790 680
817 781
449 775
1 125
779 58
325 668
300 546
989 350
954 25
281 861
810 507
824 389
861 28
576 709
135 414
623 739
201 580
925 919
453 750
741 502
174 125
940 883
175 27
394 762
338 741
57 605
953 512
145 964
643 95
552 709
987 914
907 785
619 201
906 385
364 953
232 395
119 478
490 113
643 580
585 653
840 670
161 84
692 184
724 489
515 782
648 237
303 983
922 698
502 252
40 936
306 392
349 774
793 897
308 222
493 77
182 975
113 283
12 674
226 546
334 717
866 161
735 162
51 228
684 261
98 137
179 879
422 54
344 712
736 247
769 355
767 980
476 585
384 644
579 275
984 489
879 952
256 564
340 999
272 929
146 86
41 162
769 171
632 626
191 158
272 75
643 593
213 799
343 877
33 81
483 662
717 700
973 335
970 804
779 568
368 59
106 90
121 362
572 961
702 922
148 432
169 911
598 79
948 39
246 173
932 617
59 50
843 917
440 205
108 784
825 540
60 72
813 861
353 895
402 848
273 444
846 645
220 710
845 284
539 364
56 443
766 60
465 406
666 646
971 535
270 580
678 767
77 378
981 282
336 180
662 549
790 937
312 710
361 324
923 478
675 409
86 266
478 452
69 55
267 525
568 165
585 779
244 564
939 18
24 476
691 715
395 353
743 55
896 300
995 811
540 876
143 739
6 541
485 607
530 7
780 644
5 812
648 3
325 609
866 973
716 121
511 77
893 258
212 405
169 920
330 6
332 8
79 905
847 554
985 924
904 491
648 192
662 882
369 624
390 417
486 135
333 274
948 356
188 726
820 276
879 170
604 22
728 473
667 253
587 416
322 311
17 52
999 64
496 924
587 5
103 810
530 110
480 786
668 376
50 178
499 299
536 248
968 714
836 356
659 303
312 22
395 273
185 348
594 283
975 351
937 358
294 221
912 934
610 936
341 824
946 254
607 993
533 460
70 391
757 275
796 379
345 529
558 315
321 752
983 12
764 908
952 340
82 76
788 403
474 812
748 277
222 922
3 530
590 295
11 405
353 103
995 939
529 931
52 406
579 182
865 721
369 493
247 756
947 633
