108882	891966
1550	760326
155835	651658
346549	127161
794443	597786
661777	411608
817889	648698
349860	81254
692178	112992
949764	660078
345821	614841
643082	878690
683109	856187
13445	382728
252666	494500
937857	597078
613067	73829
16562	489802
457204	109834
403590	882139
651711	253393
112617	977930
572828	84099
686848	914722
671893	890219
647720	206662
169045	636005
1208	902358
380365	795278
674128	424725
49588	421075
483139	309667
439596	538287
779160	190531
990530	987591
447992	269473
360514	246623
438244	418320
312448	525094
399878	812808
517286	825177
586239	337037
122613	412460
650204	720965
237774	725792
867731	673436
56327	620486
181865	936601
557099	677126
74901	864050
870974	290458
959558	573411
886785	286793
610623	62619
301963	795581
231407	635161
548254	147332
424839	140202
176724	296202
493089	594964
846953	16040
763822	774618
901013	222658
692849	994399
122219	795949
244828	94037
81250	261141
944282	199675
998004	421164
222702	176447
227246	278344
483479	398298
880876	344558
150387	12380
191605	199754
858139	834741
604253	139233
651867	312715
245240	154305
368417	167417
1616	757458
323925	786519
462864	214701
592827	681785
106488	241697
862220	225813
397985	798082
427180	915713
623245	152119
967516	914803
863830	245797
440565	43254
290383	663436
629498	530558
4806	273906
509564	121788
766626	191141
808486	820232
742516	877633
630411	35027
710341	533216
239429	926892
110999	883340
528495	660639
793955	858063
67935	291651
957797	670700
185601	456336
497681	432938
294677	584215
980602	635593
687519	292013
660577	769364
552382	107134
93648	730853
858096	958084
932060	862980
568710	580959
673698	907347
990575	351466
463247	425009
778660	148144
322361	481962
612999	880657
405054	441022
941774	832996
399656	381941
631715	140203
38758	49867
292241	563082
733160	856592
385485	382325
654793	611653
704104	194467
587716	607762
112416	759816
616807	928358
589137	788795
192618	369559
82924	729330
400561	894144
761549	664626
866336	765670
184163	387987
781052	384672
301529	488658
53272	789197
54823	868742
756260	945692
528749	884301
392685	485325
963930	241276
242222	810895
557287	715812
276856	371195
503267	655189
51661	967519
545038	355558
223711	800242
820239	721068
177218	395395
673539	860155
788549	869833
556508	352552
940324	231130
98216	68166
670174	581416
877437	488784
138094	453807
594439	187671
128650	791464
978351	281711
923116	752109
391350	466454
825062	39379
235865	466441
784831	514961
733291	30717
718080	605097
736006	735449
666220	388771
37763	940151
707784	134513
255553	8671
945809	564100
129188	937825
304124	874910
899051	531599
742545	893025
919364	272818
715557	985474
501114	742264
759881	95727
78328	341642
402813	529539
592171	825521
675443	690792
693480	731438
323393	615569
195491	819364
903960	878429
650143	553586
804359	733003
974321	53024
413641	419323
483338	730787
224077	626920
280203	580383
160022	584018
748428	143826
458044	72082
466977	124806
616290	498749
537359	256165
349566	642283
429762	872742
825430	683332
627593	15156
302968	25017
704123	243517
377042	265222
892423	478076
465196	604333
617903	521523
720488	261055
24220	729383
861069	926356
926645	964529
266058	442987
326252	242461
278113	272286
83289	698145
797131	651866
314071	894812
658817	892808
793764	371522
818855	982716
134078	370078
251327	505689
792354	183123
602653	50304
354700	673407
793985	424932
834191	487968
850897	543466
514745	948614
564809	175225
746923	769046
102392	496653
923832	716255
213912	649513
9639	295604
226839	145594
601401	51127
915016	790371
734286	299833
615254	891222
913662	85892
521652	417470
113365	981002
963325	771977
421940	564417
94271	183764
367364	92377
866015	939336
691229	974108
376432	722139
976383	281312
794248	944873
324354	60909
541391	842110
512640	736671
408273	179412
285028	273815
804807	152765
704012	50294
577390	555781
652137	897656
304980	723480
453492	520505
921982	496432
308002	313575
988929	348068
415424	415701
171322	475630
704910	976037
110775	650843
386606	974829
139465	773185
777091	313373
348338	664701
208824	149144
661500	722645
269423	845763
474477	621671
99103	285876
403809	581601
239470	370250
981673	525468
324948	119505
64441	215243
256086	86773
51449	623472
924059	570139
113554	66529
865658	32365
784714	162120
731508	950995
888897	387284
226176	152616
664703	795074
322050	258301
557576	424311
419630	770093
811164	717606
601264	256974
182930	193040
844903	108915
702574	23533
686404	84197
894079	628478
266105	902752
692570	922584
406358	70589
945794	279212
545461	950506
827494	316479
219791	424916
277594	304922
825161	789550
183795	811070
601582	343361
33528	351350
939239	430839
187266	539766
979829	988137
387894	908896
134331	343350
150447	190049
119231	632786
937171	12002
757344	587251
570243	360258
441345	92778
864738	606164
428338	175837
564667	827896
148193	350066
62504	597964
358590	395688
195832	483597
172960	39069
402332	510665
896626	932696
325690	576453
919936	189042
390219	793943
89109	238475
81708	526799
475648	314133
507439	181027
28845	627379
971570	891605
474054	607442
645435	50002
28743	118733
179161	115521
80926	629169
175017	528271
208439	32065
598502	467196
626016	481530
355448	80115
909376	805032
717980	45842
256327	34336
985320	537058
464504	434403
554113	947137
609784	305245
424641	969185
240349	339873
452267	600397
915829	607425
376338	452810
542059	318637
721157	930536
117952	554933
105445	665861
926134	595597
748609	358723
582868	462420
95505	337063
700902	779692
458010	734705
712063	90757
494269	888509
911404	811307
707993	91641
303621	74038
84575	143387
903194	728834
512362	630888
825761	715886
931294	721667
638673	294408
762884	579529
858195	164334
301566	716215
299930	199486
474530	517541
833436	264551
933044	430336
353641	720350
440869	444335
867385	647486
233686	364932
176462	311797
586782	246030
907010	840068
536647	269454
543426	714167
236269	335153
642660	378826
105143	915565
767221	704552
975093	63560
633530	73915
184668	315883
42818	647414
781129	57235
877024	704237
33747	392414
599790	493032
619720	888216
616224	526962
529456	600271
593719	834090
756995	484256
524428	55988
640210	731970
278504	61398
631029	380922
531666	603943
785876	66117
892925	559138
238878	343690
465357	91120
864048	181468
867709	248207
646950	29194
365716	602268
511358	133392
413417	623124
412813	215141
806283	118456
989999	284413
284856	733652
418492	707505
800889	766266
942155	894059
534286	336681
858425	331462
910618	810353
138847	605423
363569	687106
899709	429128
977807	467961
264718	216827
764492	148314
837896	22524
508827	445266
726582	596738
496864	983592
408528	254281
103394	885453
451108	288498
95573	339166
282760	891457
485366	177232
645778	258736
20651	547738
674846	569433
628465	800026
537325	369233
768486	468325
419902	63223
190091	78367
173111	496792
747695	633838
842301	202603
967370	383057
473487	789100
989727	502282
228200	95360
371799	950464
856919	326840
312185	100603
740125	89509
982345	93828
924748	463231
381882	812123
167192	390738
81555	151789
888707	331967
235064	989190
991478	455392
705235	59329
651871	452937
203780	472046
869183	202177
143470	935169
712512	22389
870282	963116
774684	727384
19232	557153
350351	350135
625384	542814
736204	568756
40567	43468
876016	1155
642121	418635
303761	642235
273294	472575
77009	512411
592592	273713
633218	773683
313418	558533
377341	87915
233763	324187
344655	264267
51899	850900
642953	426082
67101	406634
118985	163542
819176	249728
11408	803105
637234	97500
333590	878387
572788	916185
601813	724589
676483	15850
905996	418777
448696	918116
469770	864886
224903	78952
913933	973001
435360	177426
712157	639568
59639	567101
490874	615254
149364	482418
197846	601186
252681	409768
957987	777681
692361	493299
3007	911946
442780	129563
146655	666741
351316	802816
263429	429178
455072	373669
390107	70424
467541	216554
821328	440397
231097	924316
718351	988154
144692	488705
740403	804559
642249	510545
377564	219343
591924	789150
490441	194513
651270	642880
913202	469407
805586	186493
361562	292945
459289	60762
705543	673642
981348	409234
458228	170025
729974	219432
27030	99724
518344	93526
444435	665754
717742	548686
402692	368712
727935	641046
64052	413425
143550	990290
298087	832232
391868	694249
344033	172901
959680	564027
933629	760197
128145	88857
303308	393322
723974	424262
329818	528701
117585	964691
936415	394654
164388	49581
524812	451868
120075	506018
218483	245888
656299	857442
273939	74272
866731	541357
886983	325005
757846	653991
440170	632154
852642	960231
795662	671732
652724	916064
715228	2001
274617	600647
707417	588882
335162	958087
272918	784169
359337	926121
495362	511540
638437	560993
449456	217077
609517	444857
855145	945558
756125	633429
569943	384085
559177	426211
796622	277841
734398	937461
595842	660560
473852	40898
379265	480599
524004	841627
355186	552687
57523	591392
383232	170223
572209	463621
735451	2471
635311	7797
866819	138693
607781	433038
368407	874962
469423	261983
851028	351357
226243	841537
16940	704083
835579	799080
693328	499703
117953	753439
85761	852556
238135	500465
65145	511166
298163	924186
421054	39260
674316	76143
831495	950289
496075	117261
838568	703957
171481	137006
546141	996487
939016	622073
625280	914688
916049	518689
721979	653441
128183	255982
596705	477227
168691	718838
513901	33565
844037	283052
160070	578831
817636	568334
960145	968276
542265	300277
233005	690149
860396	484613
468215	820727
505324	228949
798032	559470
323954	851471
802708	222421
599942	104504
335094	962621
134428	234803
434955	518576
257554	382569
367496	419663
229466	277496
748157	989357
342494	972141
881046	356136
770070	219263
256732	415055
901871	168701
431873	171961
653326	58466
694888	273033
401408	90753
345281	385202
653429	413027
556971	792713
943125	122698
526190	440744
425684	146318
430933	252128
133596	235082
51105	915549
296582	801454
256282	275532
725611	890229
892236	712500
232830	833706
459203	486275
891437	546863
836300	413943
633141	545793
770041	682648
2453	551807
903698	263897
618855	514579
412146	736612
87803	449955
348171	264484
312916	150288
266108	666310
723810	455668
622716	607509
191469	850574
559728	802989
966228	9377
534446	116204
968308	1891
611550	661427
79044	992615
179242	545005
629639	839331
164645	30191
236362	292851
146459	476827
175100	903695
887308	924041
78011	996409
914631	167679
340699	530813
688666	385497
984891	543439
320993	17519
80309	473174
599704	686078
206633	703297
480853	394146
864600	387738
104024	259951
522051	221868
557213	303492
919738	526316
967683	703701
941906	454285
336740	885053
372938	536198
813744	395650
73918	227141
655079	915283
897901	818763
914715	726640
161502	573737
332673	424642
860431	402578
934841	591431
480609	854028
431663	175568
152964	765032
644251	665810
733114	107900
325118	109025
876496	482858
948260	89275
310566	296019
281746	946350
779369	6915
927640	486588
818715	356947
12406	930996
894580	240392
969499	793777
51070	752357
899146	211362
130790	952162
483417	105070
678866	384129
433185	601239
666903	378261
143791	727039
285143	447713
725132	408534
876080	654535
76872	814669
12256	935637
818924	695758
162277	982293
919778	371305
15000	123125
940376	727362
530867	656311
218792	20395
115599	454762
741895	469398
934641	280846
205557	801710
542198	806779
66821	836024
437448	664362
592298	308143
399075	123944
750034	925275
19980	17436
661027	761464
564646	923230
495875	753094
415651	180870
586675	126362
42448	118314
930078	979976
709289	682323
630435	81828
400624	49658
509354	828688
557301	459796
567102	607427
827033	504312
90401	814364
795216	99133
469012	99217
499983	877751
609555	49891
886972	410182
759189	306060
428655	466982
504938	749839
140071	112617
267640	971783
652660	189805
224889	135306
861655	317389
877231	882154
706766	799534
409620	239885
662831	373637
229416	47814
554679	907649
107462	133571
932015	503358
875074	5341
774874	838767
692710	816771
92810	467479
202052	688297
641802	522967
989022	490690
637894	296990
448515	8630
887439	279948
470457	83217
87651	881575
120000	195984
350954	467629
311673	801014
960702	935746
168131	68490
428391	554743
489471	88905
563287	558746
360207	753313
219624	232621
99763	706722
905363	269545
371444	938697
536426	705788
547231	681645
333543	32036
265421	521521
483352	294155
289351	660649
534480	388068
193333	515292
152244	941496
372111	673064
407011	387259
338936	303292
81498	155574
81666	517292
927353	542558
363600	760011
522874	304696
654366	908652
538886	549321
864700	421290
231420	63624
136953	166852
786524	983201
650584	759505
448251	138701
169450	582004
885389	638441
956671	714914
981229	207707
675121	677146
664506	583201
79748	947717
805195	284382
185091	383118
858449	392343
291353	807627
401288	460693
799598	658239
33334	370619
306132	768743
133950	191871
593527	320567
528306	900524
27395	47189
324585	969887
610795	814636
669621	339088
769580	307532
322446	380449
460300	307421
171669	146689
666174	771154
796163	156764
925589	899877
77747	158493
511649	665764
673431	930254
931032	850734
813113	105441
857260	799965
641744	934028
669234	538382
923863	656700
783114	110242
889629	939367
687565	434453
857345	389334
402677	309991
815719	198629
256094	629392
703349	193447
820956	271165
762092	129890
394899	435596
160016	692366
963854	488855
438643	909308
525622	297837
114385	297467
423758	917593
596887	36609
830307	663531
134727	526016
225190	625387
684406	307264
49977	606993
860301	187964
204410	87481
665287	461821
636057	862215
743876	993916
518123	536561
927231	88550
879691	497757
853349	51507
649019	599597
212613	129941
887127	765222
471023	601257
159613	483743
808651	586782
43794	669390
42564	195460
360948	224691
810890	725459
915335	543409
622411	345006
8957	980607
134630	274752
370794	366576
338362	449024
118875	43242
90464	747865
81285	735073
555305	581054
996823	145053
762976	143549
446937	287629
356535	433000
627784	767134
135755	867112
435524	998427
680810	414363
