619743 717254
948097 963739
460254 165090
369399 689261
841045 668704
777983 539366
206781 735207
666533 444590
571245 684979
879615 336885
407265 691368
482271 798802
205818 583705
848890 116349
289844 216624
685306 255762
168450 278617
86909 326449
718769 160198
486152 872135
12801 147239
689 180939
695560 805403
280064 176584
334696 478745
383796 129164
391414 954097
38739 626540
394490 250697
40533 135734
864751 758232
150808 487210
826509 776960
818920 705020
784660 573250
438355 545436
165650 511780
485735 630442
965421 679856
494507 876980
103352 956979
410851 154230
611771 692093
658601 781710
551743 698840
694485 658640
519145 905712
707296 184414
442010 566008
541420 704939
869091 788659
797953 977314
612195 518244
701355 81537
94968 793917
157782 651676
374447 183759
542300 357190
236264 129900
987999 546765
609505 113464
918060 908756
782909 394641
225732 503867
286398 499387
360908 58232
734060 783822
148436 74747
998524 551867
436720 756833
209923 273633
318453 826878
634488 624425
935656 718033
516979 368447
678423 470236
232329 657500
402178 104199
662673 137612
341332 429823
947268 604565
722919 301456
354906 144932
763135 563652
14751 816050
451858 459754
291348 69193
23215 583208
657100 718255
45416 397599
759568 348066
647630 281323
198188 320186
823628 47496
501670 699430
493362 601306
599314 226338
297908 820359
4777 100411
766044 603541
991645 514147
354719 662597
566527 972835
770229 802047
5018 993874
670060 815444
930871 339395
658391 938815
874290 300989
781281 447525
706266 400294
776992 64909
248664 504219
272269 433165
85599 162430
721075 973803
716849 899822
609612 966731
774051 572136
669846 645955
799066 457408
21189 666532
73595 640734
86135 690455
950611 192576
533350 474044
845748 706758
51297 161208
13687 486662
939069 98168
634817 403224
129002 155762
820753 927264
237989 174632
736768 602979
409180 552092
917381 670435
818451 203847
765117 864368
479785 444820
331940 205642
174743 261008
254838 30188
789246 485893
522588 927543
27416 817795
141436 742497
424853 941659
744188 158980
819282 114930
859954 179585
488047 660250
176149 996738
763175 454378
351136 108216
953587 382040
541909 329963
463673 328216
867327 144930
711247 898186
681650 724169
133309 122561
917769 108787
770358 132422
921991 552347
849140 997846
357905 894979
506836 238727
108398 402419
615357 623122
340983 875587
665315 901495
54289 400839
736283 663798
784448 866163
263806 200071
78440 780028
152250 769518
238835 972087
489053 719446
602242 670678
627050 155471
600503 691521
859191 573530
519292 754492
138557 357820
817345 380014
488874 157153
884150 539883
921424 338195
948654 750713
174677 122622
108166 380087
997684 664050
736282 790857
46229 11845
764497 817092
539773 839737
531188 950019
272649 426966
733716 860207
506929 273168
198435 661568
955688 26307
990569 400624
931057 904138
899236 751566
103411 222495
230775 688047
148523 328965
981977 868715
938050 326754
512707 337518
50180 935435
706633 529070
494956 797151
463634 519222
520803 587463
419179 47370
29095 760495
761453 559487
61104 581070
739452 862367
549102 409784
255906 494343
425812 752547
578944 181405
314814 266802
447916 936309
415093 143594
776699 97770
64502 868379
10697 361128
884605 782741
866108 448657
896184 485578
682874 505973
402331 899419
987566 890980
259133 756568
841975 809514
230202 319930
497863 979918
878083 71370
590793 260344
181108 665094
999046 126288
11467 816066
878699 464298
264014 579492
749197 147209
677168 479177
204789 656011
621122 455647
250391 885977
805989 692399
596018 772625
546029 776554
387759 189366
538030 327100
785779 60480
328070 53193
940533 223051
362450 488516
401585 918160
216462 411348
484803 137709
322225 231176
333359 145336
174210 499966
501043 501278
870034 2301
475999 812501
686604 583448
194513 37392
668434 953158
352915 268098
336538 62022
20338 842261
775714 866021
966375 544633
481140 415596
948210 618832
531417 874789
160622 683251
540116 433112
447829 536561
411905 189502
692098 806594
862494 7576
671258 929959
243567 827955
169785 34255
123745 716742
718519 584659
411532 966967
368089 78058
465935 436050
420270 378968
774248 934557
107568 189711
48080 960
934069 38019
152547 479802
189091 76091
798172 954039
914506 875662
754507 110245
603035 244023
78420 589762
174113 232327
9916 111741
343505 391201
985986 667142
536957 427563
912379 254566
240511 872300
54378 637207
727859 29722
845503 330824
481601 19228
696729 224717
360788 283903
871714 677332
872401 762605
195490 177746
76437 661023
77320 116555
518337 970670
613035 404905
668250 962496
259472 221966
64143 162872
409930 744375
776073 767358
727031 398813
542370 738869
817627 191488
848467 559963
212900 275355
839872 88173
269116 762949
228611 788196
58328 861196
514690 659505
112690 123654
328673 815679
836845 846646
388757 964371
215748 844288
388227 606369
714863 771303
130016 267626
943245 745379
873614 407589
162864 245407
96439 599497
480613 108782
897760 211171
882919 673143
500988 33507
216068 778215
676700 528749
556729 629314
888299 100335
159132 976354
732290 388161
666483 476897
337712 247037
760872 902770
98622 234131
844290 40101
822105 686233
665290 260761
856734 27848
60012 99009
560188 13042
797218 296126
651017 236485
33128 187606
305370 651257
227328 545259
342054 838397
690071 955398
761259 581422
457029 215522
235525 844050
395607 844051
692454 427368
799513 674929
429281 83272
276333 327070
473258 321272
37324 872767
881702 517674
949187 166036
351080 543132
534348 859321
960963 57369
865315 308851
504776 124150
605460 365954
648925 63465
355227 14764
44740 259039
990657 842890
423843 257581
614474 494615
428259 337427
168141 450496
327641 508728
779258 716323
483880 532689
621412 805172
946628 9093
771556 961778
538339 16770
899172 193121
529891 923981
281433 761433
84153 872255
597173 112736
13865 872668
189266 216263
110395 96551
17201 557840
753932 695805
757085 7602
706700 324217
971979 107182
259136 694207
37686 872001
298403 114135
88850 859027
365089 559938
335370 290382
126511 922507
908809 492954
600193 525567
124294 200777
166184 930056
398698 923997
115748 871663
195968 771564
371595 85925
465518 407078
149224 322597
437647 449695
981041 675308
203253 889140
198544 673739
332418 496138
13903 441173
60360 257497
182590 607026
295566 169289
50195 314284
991118 165460
619766 152668
603067 168731
699574 410330
59902 517879
407123 15167
308604 654053
887689 756311
881343 996830
557383 597947
654853 884367
157265 761539
516644 469350
949380 549710
860293 954903
201723 870294
350780 155401
812969 485546
964253 269959
697519 249359
837524 666598
430192 131895
552710 387830
478486 366719
137675 627250
464374 565384
475076 853372
318828 575953
63061 872355
294507 656067
124134 178683
221659 754926
165147 106217
774802 789713
387514 930643
572629 401354
142016 302090
378842 836262
853026 67567
348964 483632
215162 450480
348343 567014
21772 639935
824661 218141
189813 726756
235814 374595
812661 487991
772224 308592
513052 904418
44321 803612
209163 608214
102827 182581
675968 556160
249939 16146
948878 660480
452497 49887
956171 472563
944217 349485
564893 576046
355782 29407
122138 499650
118390 840777
705308 978044
180073 49042
485820 928175
687500 134102
328138 80959
242942 621190
884131 390568
978572 625273
443164 850382
644715 735909
980589 994844
196991 859982
327839 688907
253764 444498
46949 555061
179700 75639
990175 319030
884451 984908
371779 19088
941690 896150
219081 829058
181816 820879
587725 447025
900102 555647
457078 992365
749202 835510
874704 7491
554509 641624
252589 380779
470659 344381
380993 135621
975610 7324
26023 644090
990645 721632
260346 160626
193999 787084
634511 481335
60235 191606
822995 25036
615145 36810
305415 913728
159619 273753
784817 636947
473538 487739
986830 469632
527885 950916
463178 278734
17756 199198
77938 467303
851493 791026
876102 32723
839730 482464
907473 919654
440178 145126
322929 849402
450040 876455
185681 512195
451415 145170
677379 41216
252398 473710
909724 186160
981829 625722
982989 465613
680386 169625
891643 86131
532907 308817
316846 42490
786750 472313
675290 978510
174643 933504
421232 588193
379602 876151
177670 700960
537079 216376
777177 77837
203487 564369
951952 290651
48532 286126
953364 888145
294798 208738
791668 125562
779857 922992
962810 719879
80254 420906
433105 28317
512846 79246
423932 432872
739040 718363
375271 459784
389918 560600
367761 385660
369516 589417
961570 478860
535326 715580
748439 268462
950829 814847
230994 315122
599035 551897
272408 832973
186296 144899
585391 253083
115316 467406
931077 419579
209006 685664
335692 494707
357397 376311
109523 470778
133504 945575
849557 748252
696449 65170
88451 544494
853258 823857
988340 320861
924959 255252
497698 295208
389289 622320
938101 56015
715773 955697
606892 414488
44535 338390
34715 233345
593004 417937
790325 253992
558463 611830
151738 419453
733488 101133
513434 130731
900197 912975
386437 819625
733148 386222
424821 247309
172265 832476
606256 355229
706726 459869
976864 331259
349795 582665
291625 569128
588293 175684
319727 15326
695310 127920
989463 549846
780629 448871
813648 728666
841601 319662
282876 758483
960323 468962
333470 129451
778385 253975
418712 230057
642395 531124
793492 891960
837464 88936
848642 267162
577576 583
582663 860469
70408 410264
594752 408499
567313 392550
930917 190333
618652 46006
540035 424279
802509 364822
18951 56026
918981 201514
512854 965242
914523 255389
488268 97011
789434 492507
665237 697793
981463 804106
95999 671102
22468 162938
456655 110249
283272 108536
81778 740293
552965 659859
106518 131581
439790 968764
898167 213107
915607 572742
368398 234120
507566 190857
221773 657806
385845 135669
890670 939285
593592 383616
94563 315145
796107 796137
547569 659708
839111 228407
158201 841817
68968 158531
182622 715860
476503 387317
826147 602828
397896 661894
120924 231569
350741 107486
647285 524130
767119 430255
693335 408975
271046 774560
423251 421466
93046 48103
292148 840602
602144 377590
300287 955134
18353 565802
470023 867478
916850 739826
617852 399862
306009 208833
317977 527246
914228 440068
951207 432459
47125 997778
110915 210022
226389 97983
46332 912952
945173 911786
659073 711829
323765 379024
46915 299322
294913 996327
257307 418187
628545 914229
767600 633612
458259 321459
489192 530132
745915 639823
738267 264911
315196 454389
810820 506645
172626 99264
855737 88438
979406 810226
873723 380313
922924 831073
602479 277258
769940 604416
563676 9166
852452 429570
969554 232578
660004 317376
665410 567792
467216 917568
54471 723241
648991 729435
864572 80802
779569 240639
363079 294736
318080 921870
366066 743060
241383 446314
553577 624159
64931 230438
721792 91837
980984 171442
27420 481818
388160 740093
771579 463793
70528 587384
207788 646439
41114 484250
284978 407459
661436 693514
825232 207646
983627 816112
561011 250591
97174 952763
168896 302033
167048 447799
622727 251622
34860 468993
263336 796984
632875 423688
455658 180276
277209 822085
171439 247937
677239 896700
407553 308159
516921 963088
837956 337485
159114 443074
74276 692559
667222 186969
76788 429263
938289 431435
385366 586007
874075 905135
954347 10769
183685 58870
146776 651803
652604 589363
267443 803104
15845 19690
235843 783921
427021 963469
737992 271039
828310 516556
609922 991173
32654 372827
377410 869440
60086 256110
687947 630766
646521 390930
488866 771291
32671 721037
347043 887502
583714 7548
105132 902181
708048 357960
556396 454479
137146 929244
921901 855379
326256 76184
657650 858704
140831 661352
662299 977745
494706 176172
42217 892004
659620 467371
182744 328082
511290 169595
29994 119997
285026 521320
769257 298550
929717 716922
322429 815278
191062 905010
936520 530452
823902 518336
716739 498821
889325 647768
161297 286424
401039 208024
980887 808768
542552 176617
707131 569360
660696 461558
278602 30342
825845 159662
278194 302695
646371 633781
272664 646286
744023 805123
552342 211771
714545 690854
191086 906446
10464 327930
315263 298026
115967 995595
643665 709228
251957 860995
869639 302649
962790 713570
629495 524472
308410 725942
714394 518861
677082 776102
109002 435442
218567 995223
624775 788547
675915 608756
408925 663262
784116 251442
462231 521574
132036 544407
772016 879474
948211 583300
348967 561095
489097 667062
820569 165537
299197 549987
463672 171893
878541 177621
730580 222793
910282 526766
343834 546926
406904 853809
554773 28790
550141 201670
537937 784507
51256 121641
382090 658827
331291 201610
982241 516705
341077 652292
813221 205492
429991 258431
62207 315716
846503 29933
560198 712701
949841 965495
57343 308114
814154 661413
392486 368311
851509 342955
49552 688416
764696 116180
665902 207041
295398 172684
601843 172745
821135 996079
459875 295333
466254 75328
484131 832649
646232 510526
41091 737610
407724 775251
147020 651175
536800 149423
10556 953205
302895 265153
173648 164474
524306 257370
461190 510198
818390 341177
53150 814589
882822 118907
81197 408172
320927 698170
11093 838660
425083 870663
731985 168477
24493 759038
697006 4095
388346 542758
107836 905306
957365 692746
13758 976839
359643 549583
35946 818905
713837 163960
77628 324060
620387 3484
710889 912433
23076 511101
134201 867488
828497 830340
204399 967446
160097 172910
534163 761691
269146 522953
773047 103889
173280 976554
798226 77619
576774 757440
896145 237164
211738 388275
832071 310496
101053 587820
688880 76826
957539 876286
123594 894313
361982 621458
647685 656217
372414 326409
754170 900505
830975 193585
573311 664308
497723 392103
99835 715903
173105 750753
110408 887493
205789 818520
103301 868275
188713 143504
527153 466587
477042 620626
577858 836072
465452 951348
443950 277318
627340 720188
997777 12209
248567 344421
183401 612237
196440 227642
214778 554295
390747 435284
223173 959286
