593163 379184
989054 875711
570760 633042
733522 757746
819547 381955
292405 75971
269493 339507
469455 182158
530279 285853
989276 277629
91831 717494
506923 865829
425809 937204
52599 181671
732424 249061
239254 80171
785277 268644
676068 719172
477140 346144
73848 32420
157232 909099
622346 221643
31635 596120
581000 35087
859689 432558
691275 793504
475181 823038
916363 661459
387452 396094
590945 671805
425975 314863
786952 994248
530262 437559
929168 229383
41985 518943
440905 876122
958489 963088
396003 798668
153196 558092
744833 266192
598847 683408
493173 220195
215933 381770
842887 848909
145071 17920
823183 934678
770884 689477
947858 129015
514208 75049
293657 585194
510722 726449
248160 556251
468673 399848
189248 93816
983244 220318
760274 467785
528631 220067
396000 467199
521443 25155
369038 62184
923818 113221
847034 679253
279487 916470
91458 918941
135581 848202
468351 346572
311248 639449
945730 854967
658446 249920
636501 571110
187942 879252
930018 134443
843748 429481
667358 718912
410992 550377
653772 551062
775189 93682
863338 6563
331931 596278
372014 810888
471841 640010
477854 452818
457526 818471
873377 489586
238539 457690
147540 748100
88416 506957
752692 266373
387343 640048
809780 489450
858856 199169
695731 710050
35556 656544
472621 498098
171195 3881
447156 507546
18444 371082
948557 755100
716859 859031
51136 58799
685259 629295
72823 39269
57575 75722
191635 498039
410961 222439
903443 922672
453508 971987
356316 346556
989339 31810
651355 847908
583502 382222
444969 627174
177203 852090
86380 216401
906968 331779
316283 671127
136846 296117
959526 435463
686687 776032
497178 820808
558764 795792
13960 926101
574990 939301
532490 637878
233216 216476
798967 389180
647652 506484
803254 982215
962778 879934
623985 646147
631634 304369
335550 786130
845517 147604
362879 725750
504867 111753
960466 855384
184962 289868
970789 41749
681961 588877
383769 128598
706305 913460
334093 824732
674316 894331
700819 213580
547544 365938
386049 358570
752440 360963
347826 763758
672392 459836
765134 109237
159697 625470
548708 303456
467936 969638
592307 917541
129715 260973
848653 137532
351992 692031
619434 103974
778751 890400
865759 96769
973537 923808
19810 778115
216808 550044
547819 949886
981183 386356
686108 288095
52332 649089
383570 338749
705549 783369
604590 61429
65371 448281
392795 525588
687150 577464
824017 287380
419042 826817
499600 361636
742742 102339
339935 308313
920242 538494
630679 997861
389150 80399
991419 10724
787285 739149
474046 997507
452496 46006
410609 882699
965306 484587
411596 80952
795290 759575
286456 712551
109200 836004
384104 750199
201941 927837
353244 188679
951063 295487
305330 94701
103871 221726
167646 597381
845214 58940
778336 779733
92225 550904
81878 525031
636913 517015
259505 569242
190255 426160
74479 699956
894494 772208
77607 405206
788452 215365
990577 513398
13618 27094
788347 915833
312394 389568
325262 363720
282435 14585
90937 186150
18463 484462
952750 592606
971660 127053
937451 320704
734396 791347
796818 844267
379989 176077
888025 253181
877164 394606
756869 34433
448612 126156
674835 987773
487432 955580
607652 64939
224557 583669
22585 354091
676116 892420
144365 590568
81825 708293
811303 72012
355150 154719
160458 490681
843501 526223
853912 992453
351271 878868
777480 828537
672819 798245
117976 138337
697656 773824
585280 814848
161697 530225
129031 255515
611191 337646
583770 329597
249788 816694
486847 81459
617048 720587
800133 586667
123083 559549
70875 483565
787099 166806
72313 690184
616095 990297
304550 587831
806483 976012
421738 315654
71948 351232
976946 606717
224882 805452
594619 832136
219507 839938
308119 473581
469241 24304
758745 861198
608743 243516
917161 644233
691780 309975
465930 403572
414072 744008
719017 341504
331920 648040
828044 307741
693568 954018
987138 919302
824844 959966
729494 507110
611114 167251
919692 553899
729521 494199
660117 241666
250632 478018
722036 218729
329797 853913
4466 367429
166734 707752
918758 996726
840645 821631
855378 82205
419856 150150
261831 772438
501786 946898
161480 547780
174683 61236
332231 575209
368313 590510
808272 807858
492505 393846
72932 853620
294678 778680
336605 1766
613489 421686
902718 30979
398972 458871
741575 365877
427091 541378
989384 424987
749671 523072
180776 530890
449817 507066
971836 498050
320877 555896
387344 559597
191544 172380
143934 576493
604343 43904
783615 402354
619248 712847
381678 227021
273916 84508
320487 824108
350799 2713
403681 203390
274579 576151
691218 259217
549845 848230
225400 854977
642956 234148
951114 869409
9351 457132
135152 316796
451648 901879
685072 325760
930171 58846
130931 656744
565483 196139
547325 657612
66653 92785
540430 823822
732494 309461
106969 776820
225821 53395
461137 392151
522141 229235
970056 550841
44267 637789
902844 903604
208358 923281
980395 450604
878784 848040
613884 614655
13640 437136
174560 866470
724916 803862
887006 84987
728610 393220
84418 392217
878650 316300
779003 882406
54380 96210
443757 874694
635198 615056
388014 46819
189904 726549
684278 386484
841244 720005
991509 706957
646818 341967
806839 29290
290447 263359
443787 840716
926768 453802
654210 849801
961801 318763
190028 685576
407808 146805
466117 173289
766706 235359
146689 157737
708050 511316
304872 757680
974643 142445
325168 350787
572431 8974
887656 758044
906127 739015
709013 632133
117132 218529
114045 122875
762878 537884
253326 454470
818596 850066
5471 259765
681847 813403
783308 494229
227491 803164
77174 42794
930992 556568
394127 988341
814892 601928
857586 423034
394414 271823
161935 676541
500892 585349
428466 719735
517522 825104
497815 800927
592786 725854
558558 106375
464912 135254
1661 789414
142811 36561
213195 383650
135124 38167
602445 539887
560744 468377
412276 741624
227531 488801
21261 156015
344008 51078
308145 537803
59329 316437
366672 9276
431628 672087
889391 849467
119780 714823
84359 989732
565508 335540
720434 803024
89831 769935
792522 943415
629861 989112
371095 577824
571194 442650
315464 312022
470966 575316
772125 436263
607394 747688
476360 834571
115506 445027
530700 516308
182500 481893
964463 80818
127472 824584
395615 328751
804883 164069
811625 404996
352197 922195
669097 431219
700065 96536
810250 933334
843144 977812
549711 819626
494863 527911
758219 343233
491133 774604
55298 684887
120155 634422
578207 983202
858370 9600
523412 26954
955628 659885
965836 161888
543254 428389
569736 896182
927366 253179
880628 241097
42770 93377
833448 383183
315761 907753
963603 827075
660711 462069
271867 139038
938867 541449
595397 913923
624959 144075
806031 867567
644372 410516
478687 575905
261710 897315
672299 797898
720431 621359
969240 901973
184000 912709
144221 607133
507518 972438
958903 737818
20375 109917
674109 918451
55263 649530
424752 765157
588822 774712
693477 613280
154427 748225
224867 728430
807606 724153
677840 312727
309674 542873
244028 858829
815038 105568
396109 210091
212042 419980
216815 216262
698040 265309
115746 802989
775832 256511
121971 274189
74430 988589
239794 737524
338690 331994
113064 566141
740153 861059
766992 524326
770065 267357
191111 221697
177973 823844
322785 687767
707044 188264
145852 967072
31691 149201
477798 256337
283443 652027
234330 434850
803892 116552
106498 874117
613374 104386
122169 904183
424855 384079
286331 226647
150073 652841
68623 460010
900543 247080
571313 472584
489029 638078
786763 994359
911236 726772
492409 810554
413673 169063
494514 639335
649770 329286
780177 335616
729371 566745
831564 195483
530142 233869
758158 250248
45438 356182
158057 145006
718179 151150
721083 286640
579817 86598
174263 556490
176448 651876
769645 505718
634133 411813
975539 279409
862868 577799
645290 832249
163715 628970
609310 156262
778092 528881
760179 774029
610814 782511
670977 534104
715179 558856
48838 186599
844630 121387
264881 19386
404152 343393
119747 746441
432151 1680
595531 134647
627665 661036
516648 579268
803375 905660
1534 574866
225691 246344
630672 712489
441410 159781
13301 648536
926662 845056
369422 768296
742975 366313
577351 461415
168809 316089
939845 288440
868799 921120
214075 597154
727223 65790
877503 431817
564516 779238
93297 677304
810389 784566
520380 427522
262178 129388
998021 71007
526480 43840
516461 209330
583298 940983
564431 645246
956819 769679
184980 677102
240168 11906
933208 523864
14127 45752
595393 789011
833343 480303
546957 139756
578667 555533
997937 109119
424213 276934
667712 769109
188863 989550
59678 281702
794357 93547
389322 499184
855627 252184
848583 892337
730564 49315
817524 960835
988940 43031
878141 347174
377314 467094
216805 240218
32925 660334
753786 420891
648135 930127
141969 185370
141087 569500
913048 38211
981547 932901
50379 498467
663049 526311
895298 994141
789610 577858
633483 101995
898904 5504
309654 464682
863872 602772
803281 398853
211013 672147
157076 265810
367415 93491
702856 728544
447262 914979
248369 443485
394097 770822
544473 893336
743679 967677
697270 121792
896177 211900
672233 27761
148168 570110
236232 703735
803802 884435
918541 547529
103162 118007
41296 75236
337457 952917
169425 374382
259736 634332
838958 216062
393789 322555
865231 213442
152751 276208
702007 504439
975341 863670
109618 994705
508915 555607
664446 870445
840242 608262
643085 74533
858108 934459
353242 110893
891910 897964
387980 819338
120635 792278
771739 177635
27662 985521
304351 755979
859337 369167
17031 198879
694896 266560
659393 781
589413 807411
518186 287650
707238 125507
1991 503955
443713 138730
59263 843497
524936 175358
812295 179621
872447 16129
75795 941197
135033 110138
578650 561343
794448 154237
456562 780025
28365 754445
205071 410496
833554 611075
243352 683746
904174 491152
263986 940604
309027 523107
477641 652721
90870 594661
906888 503656
442713 857147
647590 108270
24244 568991
228386 884378
186830 483110
180923 143404
494987 391330
715387 470856
784104 707639
200407 791562
472537 140182
316102 87120
53478 345882
865715 524404
436658 436217
276696 655021
876355 478939
69983 878657
899051 273965
871149 400744
507304 497465
309912 16676
505703 701197
934552 40113
901109 36448
828466 247553
590597 492197
996074 777810
789112 558136
311886 64926
890711 83661
94237 57064
105297 725410
148824 242734
180807 688384
764975 623338
547779 256155
687185 413767
554108 325108
256316 114821
701871 999209
478737 426979
390673 327624
791515 394002
587319 195081
61713 453809
12122 436605
792394 162408
776007 486625
534870 687024
824328 278654
648340 244846
189270 439096
35006 712394
399415 237461
434827 304663
842744 194394
486655 223742
351990 980819
164054 240110
994331 375375
708331 860082
466414 757004
407246 190977
33213 192071
931558 393496
965065 356370
74978 845719
274978 615025
92490 904185
464461 424319
733051 512696
468824 595649
727748 539044
486603 279097
63813 295839
732976 227833
829011 402461
179215 276178
934459 25400
649295 397042
174843 571255
561001 536697
49153 643489
658380 250205
84265 731
378608 901369
327285 421318
541864 695381
220564 983282
45108 637063
36461 256417
962268 64926
248621 152553
263103 297390
479557 301762
333029 131972
480983 400097
241375 365858
357414 993618
55547 779991
573498 742190
489468 577336
464465 617768
256411 414972
926040 187790
321552 432439
484510 248823
255847 591712
348902 52851
649625 608099
425743 349721
25400 442612
552227 340442
951065 598677
828876 748413
270798 750307
145457 980228
162524 589335
323452 331292
797318 991905
432813 473928
241755 958037
514974 321098
321197 77035
168709 177336
223681 293066
359597 115866
648610 448754
334760 374621
997249 588082
979474 170992
116835 222341
306604 38732
384132 946741
996838 526984
813721 242449
806930 229645
230999 206837
867134 654490
429766 45120
640730 451157
154380 920529
690938 376833
434812 769284
868401 182458
802505 554281
779034 807363
240148 495850
392183 222557
678556 825436
687015 820901
201531 441350
285642 113687
384691 979091
38527 207840
635546 580475
328593 114721
535347 701027
378514 942910
749324 154646
832168 702120
123723 480173
496591 662757
230301 368806
220619 161775
303784 713378
258999 751576
979000 148191
224185 960319
712981 542543
410055 23204
122645 377673
30690 534512
439410 394716
962452 313776
85047 166485
582200 122977
703511 81278
883922 259296
312626 312915
62348 576076
114112 997480
540648 822073
748265 61706
180427 549858
361134 768860
483940 991412
104627 9775
506867 940706
24388 289601
315111 629990
207552 678094
217735 322265
763818 202093
30349 128376
345699 998519
957726 734635
743181 535637
463261 16927
416372 584828
299587 919197
883053 606123
6796 304167
168787 516271
584801 380772
265447 494799
240488 800950
323120 84790
143447 236945
325030 593667
542615 926514
768 395571
625829 458482
969095 447496
302352 448212
521460 429271
709994 479582
898796 44244
913846 222594
187485 828107
840897 44084
603243 102834
721995 458401
433721 979339
567637 537374
91136 120047
337340 388117
469563 912553
900476 552506
984813 330854
769308 361392
941792 220585
55116 818293
229861 611831
234047 583010
90571 662874
395716 81021
204787 507298
301444 307416
59517 241440
764988 791911
91341 155969
233223 504022
114880 658857
414925 296702
761921 785543
990625 433426
510668 794808
267129 135393
534539 315293
594973 90138
258816 801074
332542 660038
166787 916201
480394 337472
814753 194546
437575 784345
497650 153061
905855 353981
785726 158663
205916 263382
478511 528903
625968 491388
862365 861476
854796 82708
699881 964880
410986 691942
796710 824238
175008 204552
429653 865506
945510 149982
398068 310826
817752 227477
309610 3727
206868 199207
3788 811897
778541 780428
341279 777753
486248 110661
612996 214748
931068 536414
934617 974695
718746 827128
12584 555690
122624 918377
500608 506701
136305 178011
226082 984163
