1 10
100 200
201 210
900 1000
188542 829453
436072 395806
383556 155788
573357 74728
463759 893361
383735 714699
934593 493029
987390 907603
604318 507528
638161 491800
572782 137640
273509 186092
279071 783228
154969 185469
3056 277068
709152 16302
974164 530495
74482 956254
111722 650719
584591 548222
40101 549020
355600 664388
595430 914701
19454 213278
479173 952597
653242 197907
717508 161388
438668 373724
376977 235989
81336 770757
889418 161491
124473 25901
55558 609633
899687 281721
293340 683936
220817 564940
306997 646254
645713 254843
700195 905268
170553 175151
398403 669159
398706 60590
754039 425440
510662 592237
305284 518365
461641 454794
633098 926269
508101 95667
902804 116961
882288 571479
6004 863519
961696 847547
817915 216255
723834 515988
159873 920636
771946 566184
844982 163471
51747 616227
747569 749956
570436 937730
665000 844064
503757 920503
278821 476460
697179 457843
255858 573289
473429 450042
30150 626934
155511 720501
681668 267169
491922 442997
339058 299456
905689 449219
328535 624641
739220 323457
184379 298964
319 695063
648386 4539
249085 753465
497340 35173
221265 859214
210619 725013
486190 220359
26718 21233
481909 374149
420799 933630
427209 983062
232683 106990
919564 513928
234512 707943
927302 822849
818352 163073
784092 701508
324232 166875
330840 752588
758806 877605
2805 532317
66178 155160
373586 655539
244443 489880
457650 252132
315488 410834
896375 26274
129037 822457
802375 469242
69601 522177
596076 462512
841746 112969
167541 296890
741441 396169
614384 487120
640111 816804
716018 936623
509915 255656
185705 428865
322279 648282
497940 750227
652864 304959
785055 535318
763009 87277
813074 753004
683707 955481
561576 20774
438865 247729
850554 575740
405092 502996
774844 461794
561664 541650
872018 284988
172703 662098
956582 523927
531062 193122
872822 494638
107979 190103
935261 98080
839648 302470
583341 593976
563386 974601
37215 924276
308842 925572
158181 463282
431687 186698
705966 411030
463647 897967
447704 183341
925728 999546
450004 21228
414705 759457
908455 109366
501830 153909
349161 154311
739329 621743
915318 459133
249375 154638
439507 986312
680924 193615
65970 875493
699948 178934
812714 142444
881231 477535
155560 417654
715135 792101
494007 972283
875098 169280
598786 819457
683629 755570
595334 902327
854209 172580
295271 589224
441900 440795
307384 556821
308696 500520
756775 25486
866201 502085
480860 224906
899630 63037
845938 401085
335399 286007
773551 800128
944059 678501
338910 517721
321162 13404
696260 375975
261316 827184
9110 974932
497607 564380
948470 281942
268848 42563
985129 109151
432568 643725
551239 866245
193745 585489
134881 217281
236745 449511
559247 155936
370866 629572
91465 520179
146561 27249
70237 153187
436607 570021
598463 969259
876849 541620
258829 259841
277360 756976
459297 692712
673392 279052
119872 654792
594219 85760
997237 997080
381438 411319
455737 44769
149418 444279
683018 847260
574427 223651
800212 852188
527895 975667
172713 836903
547041 875886
445600 337073
514060 429874
616578 458616
674656 979469
80027 545755
636603 220951
6488 551036
720014 882417
148225 57444
984456 693192
700648 892859
693990 553226
163513 378358
672000 133295
376470 474344
593920 28428
669794 657632
136280 367931
738643 767929
611495 212658
52538 656096
221419 843807
768919 497507
322409 171185
747 972704
218454 156303
100129 502988
502436 313850
226988 194377
621749 118275
564310 849173
748076 62818
479587 515432
826727 555953
275046 649630
596161 516237
688647 199121
61723 655303
923766 972468
159555 640802
533898 174061
535573 616918
660920 243277
942850 879672
829925 130609
986226 320778
163598 349409
307689 640499
399765 160095
541082 351544
656924 72340
25088 964355
676531 459629
644354 219447
315110 823111
708324 432697
995222 817156
503304 447214
102813 78314
357177 691980
75038 654075
739768 294059
764405 791450
255104 769822
280998 723531
230046 705352
232411 782644
647593 36820
948392 610039
171548 973800
969271 630444
302760 866477
122772 216665
349417 69022
112679 549900
161973 241295
549614 962135
537965 765343
891084 502524
442140 592921
656577 910475
746422 437218
763683 177897
949422 437332
126387 291763
304926 568656
822826 772305
555586 791601
797107 763797
41703 47440
84880 177000
577700 982486
110120 507492
957608 414670
434431 389940
329872 579623
388813 340703
835823 660698
215703 501554
366269 16544
257395 39909
288867 88503
121139 367082
506225 472250
518317 734618
155686 520787
145351 735445
315949 465479
671256 941824
650532 127846
279931 503266
186986 906744
291953 543509
638894 69817
296257 820251
913151 74828
167292 198358
55632 25581
84519 804384
807344 988582
744817 976868
379552 508930
488378 886624
81964 996853
877896 867123
596209 140134
732219 57371
339919 695075
50670 998972
472161 204990
597671 976867
564296 804609
261105 860444
400718 772471
815030 762945
424434 998579
809302 649453
314019 66543
59320 328824
92472 533815
431177 751737
138667 501118
616969 761790
172995 433183
568773 501111
10106 325824
842666 6118
897705 157822
982144 942724
445779 503518
226556 705879
690322 561642
24990 697838
80537 63853
605073 777045
132165 251675
346373 590517
221083 435478
274041 898350
662253 530117
83276 19264
917976 119419
375324 531243
152983 896506
270510 891855
257082 519084
138058 274192
462973 385128
923556 651384
134272 92491
353481 607314
590596 363580
716252 964433
412531 79362
818877 954346
318553 856609
983203 75290
683156 853164
374866 168837
262107 149992
192550 34659
958429 61292
770274 743530
528969 300489
961569 331004
705260 499666
325651 671888
530360 88412
251829 806230
427284 126029
894374 549894
596144 650517
915528 277758
708831 561899
976508 908056
949246 320322
251880 755760
748520 998794
950744 657095
812020 81505
931398 826239
114756 737982
314951 334769
521455 467089
958140 194901
84730 338291
878116 281211
471575 26449
646274 141609
130747 466195
744566 810662
829839 335379
562126 494826
548482 980381
46149 8949
97685 533085
795542 897392
988744 888733
706898 4705
904990 254043
319675 243731
60504 611715
717040 5719
990498 419041
521824 882546
681794 962649
745071 977327
846595 463093
112757 514742
66900 213902
620000 719802
697419 970066
380387 576142
610643 535316
527838 285254
629694 387299
323896 873208
126870 778431
645538 540118
385154 675314
215226 263391
54192 107981
764599 278342
953084 443971
342320 547181
861924 553871
265637 379004
248106 801461
43077 622945
846563 944868
12283 304039
686476 698839
450599 554303
392111 437616
458498 288024
527629 300825
714798 622155
853298 455918
622520 29992
600263 759829
739634 202023
314034 33998
782894 926852
616404 609928
247817 925149
575127 772348
668044 361871
316889 610039
305728 648323
423736 258760
538215 847937
572180 54304
738659 243381
890934 751173
17756 409244
876911 710789
162318 892107
381462 870586
46127 854217
153865 954101
665075 516584
584510 473789
939013 486834
479374 234935
292300 417604
906721 254078
540210 54257
736439 67175
15649 171646
836991 323712
846493 827282
349526 330422
548168 871854
779274 66955
919088 585292
179354 458707
589180 594830
974572 41231
188827 557758
856728 35861
387041 914701
831563 890426
98882 599062
784635 483188
593004 47485
393651 291351
12880 610138
193000 920515
738780 288212
991880 212691
825531 149029
286960 643077
128118 975300
410343 893596
83101 138539
95263 470844
592394 310744
756814 294169
295754 542049
838915 933145
83361 831246
891370 720515
670949 465667
628933 808302
654764 168954
139116 363837
721315 830310
952770 659980
127076 531497
712045 871496
956137 441625
928921 691244
718429 397800
125863 376001
536236 619332
754319 640707
413222 759678
527382 655683
664146 502132
341291 357366
752413 756843
753943 41248
821040 955212
988502 973373
130695 637301
657282 824860
827484 25452
561593 113309
428912 923456
234069 999947
146182 788797
702954 417732
533584 868029
146658 194044
172368 273092
958216 328208
591763 637097
502425 525947
158994 767219
852723 824735
816797 819472
182557 850510
606786 833085
562502 153528
326120 144249
83126 647885
379332 421168
234506 540978
72746 522470
834778 137700
643834 382031
961806 416217
589981 785290
854469 542819
456917 952666
780384 555976
258140 81959
520645 537632
540117 254914
531300 249221
516270 41742
983741 728947
142350 494874
786463 576513
85410 167376
976645 43926
135514 902981
834318 149765
434017 817678
665780 620510
431984 520687
693090 318330
203057 270638
314483 274874
91451 932516
380952 772191
227496 556937
716284 758483
158599 223330
20728 988243
108142 184327
436484 471123
259741 601424
569723 767211
99481 660895
409678 258441
629510 870693
594708 578534
409713 270167
947390 857958
806670 629170
673280 377509
359854 116492
76042 416244
512676 164984
904375 952523
442737 29028
135785 849368
55318 610205
873650 841806
149220 617218
957810 480630
661959 936910
124177 552274
820492 60579
364417 720619
103765 742250
200549 123132
441505 393036
279556 657514
168182 109386
359723 598499
689823 833431
874807 434502
213234 674455
372265 311866
861810 243530
388280 310172
695322 312736
150579 670625
277604 571122
664429 99367
860740 814673
571313 316418
284961 963137
473202 892283
122247 328822
322164 442222
927288 716610
103468 6881
49691 125520
20874 478973
334712 767245
301189 961033
197277 771866
293080 860634
166178 74796
409583 234639
470922 964206
609498 692206
154221 620113
619649 295637
628737 550671
780391 603377
226437 891490
46779 785372
247639 106010
38161 164542
252198 266522
103664 94571
492051 802204
2470 645202
581023 387030
904808 478155
551796 953386
114851 487738
986933 620729
41366 704883
462417 442627
244671 333517
866840 881964
195244 676684
490115 593335
652974 117116
845964 630032
630827 882830
227646 791516
310793 42053
994368 270104
557184 638814
621301 787860
462511 140444
659667 573476
875939 946977
659261 819637
58229 760473
150738 261885
704843 903672
448824 179864
588387 465139
359441 135243
994846 337019
298154 787453
898073 429673
672619 761000
565652 946469
220370 468279
80682 142821
770360 53253
887792 238827
252352 178427
49920 110755
72422 448638
210607 567939
159070 619091
366741 27927
121477 86528
973861 301958
192285 490869
125246 292219
357487 559114
362547 62232
188998 556719
238443 869616
743787 482943
358561 63714
341962 443540
389648 578175
86141 113676
762874 725414
122478 359
737610 825792
866012 358745
190969 383743
865082 653684
778517 308726
130219 948205
360595 142959
336308 121002
49493 197200
687105 692723
141088 109090
939951 409326
651729 444908
329550 703753
414821 73922
574033 94028
544814 428430
395344 823579
416988 319855
760736 101681
456187 35522
832380 947371
424272 868910
203251 387321
565097 726147
886163 741654
663070 249459
753432 602634
851862 343834
443049 954282
787095 22247
714428 781651
391535 583708
18498 116356
357707 176796
849851 470653
102810 337226
577402 653899
59750 766456
824277 59355
896870 272086
290575 964874
425952 449110
553252 885089
797865 491756
984946 582163
684292 374572
934884 181836
56121 722093
652617 627320
319591 358958
466558 898481
96157 576653
909058 100854
532667 633808
890357 145224
9580 599920
955506 382626
899807 980718
37157 251838
22320 568235
995427 975258
109284 661670
143147 276750
580253 202309
416395 825506
523310 452883
548551 955944
384448 95733
293545 418451
531783 708203
696567 433847
670431 618274
374950 394643
941565 752875
520005 352954
339710 203266
205812 390755
831114 824269
747878 856215
963110 504195
207848 209415
864533 871877
993436 542358
508757 629043
208808 396395
886486 693120
846060 143766
95568 5515
875947 297984
645440 890773
134475 792483
466670 339106
695762 440012
905893 157210
993929 550498
122067 886973
193594 155114
628656 589034
793750 960136
168121 971581
44304 17041
755042 49391
377891 293322
904822 624996
659827 159210
662850 58991
551854 909090
817057 62131
206049 414899
226787 884627
187662 114729
597369 469234
798603 717415
323290 205555
591618 366604
183588 387687
662396 326934
636220 908832
441915 219914
387846 259076
944027 231559
898612 658440
302081 680520
5024 325563
857622 779122
960196 628316
364234 777503
44102 70161
994711 55012
86025 779235
804524 936374
789355 607013
991039 56658
35398 938581
438671 789542
935023 276629
620576 719337
697361 960568
489487 153783
524193 794918
280825 425185
276243 416439
56379 973811
848015 901043
72682 7610
706915 913058
611795 204813
966579 541072
548076 295885
831578 564612
75919 43503
584495 933120
426067 965906
514470 982975
584416 154592
641301 818081
861525 22279
404004 743544
803196 761752
723167 641353
135296 796904
225184 124503
719506 931072
9751 60163
817613 355151
722254 300415
559386 698320
872878 637127
347105 891846
114360 175055
88545 80907
972818 535164
703860 583623
198552 100666
531792 895835
708046 321546
654906 428960
526954 489548
736955 265992
980725 644774
741079 31254
942782 6570
762905 827748
676037 962474
516351 750558
645197 22265
203222 288720
707814 493033
385177 419931
365765 222601
879748 119833
359737 285866
898962 899618
665877 265346
334568 911321
436910 19521
506935 575153
991841 384115
232818 837943
659512 179547
902979 37330
50158 132860
111978 78002
916297 422266
849255 332232
832500 122485
795296 821543
63118 863013
956933 823823
563316 978846
337620 111190
487399 850517
413098 706758
329192 492252
103143 450523
110476 730368
151599 464346
510771 122404
422699 302622
616351 233753
252975 251117
713036 151308
286671 214353
533737 785062
942838 140160
279653 440304
587609 743312
308710 243932
952650 150581
872957 931237
895747 917634
213412 797376
123685 43497
444107 438620
753024 184787
241249 934070
155155 717297
482769 770270
504812 186452
751129 895738
745314 70575
681332 640993
115634 944233
431933 901470
86836 124339
681802 250312
342729 327235
247066 165906
808754 646744
601547 751942
109336 759130