1 10
100 200
201 210
900 1000
92873 9797
63845 40196
76123 16733
17423 92675
93716 27420
93655 30221
83405 91618
86736 14074
28075 98269
95297 9966
24590 15518
37898 41306
71924 71823
83774 39756
46212 91297
98719 76618
19161 42875
25671 34408
46398 84687
21 67971
78332 15547
29779 86819
57644 1742
7336 32141
95196 57063
32339 58555
91303 90657
35769 84495
11790 8432
50970 44535
70789 50840
65581 17836
23275 10607
71582 45800
71652 41042
80623 30284
92 52220
52763 56802
13227 85315
95629 20778
35961 73678
52410 85176
94941 99474
5648 19580
26115 17126
61846 1626
66582 16196
50776 9779
98904 84397
47050 45892
7366 15775
95862 53974
43124 79866
45972 17844
88315 33340
71561 17129
32917 94640
49630 15698
19407 227
37096 63555
85426 92799
28727 77834
62925 77701
43364 16045
60824 29145
96824 28589
35727 78909
16315 56961
74408 15452
74850 45290
74858 53173
90169 21481
23111 72189
12623 65719
80775 69160
71598 87148
70014 1255
45286 83275
45607 30981
69219 98568
7252 87157
57502 66569
37111 40152
9233 66396
6672 31637
40771 58477
21307 71416
7077 62723
65814 89898
59599 92311
1600 64177
65311 38569
42102 99714
98698 3457
14774 58455
41843 39828
55947 65333
88737 2047
19047 85918
53113 15021
30101 74387
85245 55331
20848 62183
91839 45120
58255 876
68247 81126
91969 80328
11329 92924
65707 50019
66268 48013
6898 42297
26567 24238
63577 21898
58238 20461
38390 83347
33152 89474
15674 90616
46239 12294
64712 48793
36063 54470
58972 48263
86949 96775
39810 72198
55858 85811
72231 12924
24601 72934
25218 42062
45601 59926
58471 50353
98250 65126
79193 22686
62209 16116
91958 46275
27657 30296
35967 60588
79014 65153
77448 31179
40791 48956
14154 77404
63277 79789
77332 55769
78622 71273
20605 19893
91890 98823
91101 18840
20589 16453
18132 13108
34151 81520
96506 13645
870 394
54397 15339
43979 11781
88159 35216
39947 39954
12929 80386
89567 22342
48680 50724
7840 12907
72382 82396
61029 15563
58879 10380
81779 71861
92706 93519
18097 70019
83452 76931
66561 16309
2291 57016
97341 35398
83948 71100
5888 36716
20593 94644
54966 16381
36798 12114
63506 97670
95740 85251
45300 85313
24556 23195
20326 78790
76732 35978
89119 65994
54646 42710
56736 51048
91473 63559
11216 57765
7364 61019
83748 94147
51301 22711
79071 28962
76226 16640
6292 83320
78155 63092
53845 32309
28712 92105
68912 93320
31465 2110
12743 5940
56947 43799
54177 90252
758 17891
38834 5901
15892 48155
75015 11893
68833 52396
58984 26471
78422 7172
33797 23171
98269 15415
38413 89303
28078 34806
29407 96614
8557 24791
1364 77844
67362 56671
7183 444
75410 23991
24816 86546
33933 11172
75420 73086
15711 24410
71227 99384
80369 54839
29961 2229
67346 47265
36569 16329
44547 40940
25428 10410
23763 148
9367 45652
85996 18750
74519 98094
45166 90961
93744 49383
67917 92557
18247 74604
60313 18113
28413 60507
91470 35589
14251 83977
63844 92267
37069 3239
4429 16300
79404 50209
98198 32381
38571 55464
99969 26336
98170 52647
71715 90384
19003 65009
1774 7763
58185 65677
99653 38038
8891 38046
84354 54241
10375 23953
603 64213
52994 82602
86038 19019
33525 81832
11237 29025
48870 81449
21021 21548
43904 48548
96622 74710
33878 69810
21568 79956
77179 69908
55461 25192
91486 50498
31862 52002
28146 29721
82579 80420
10238 53096
88263 65306
3036 77583
48759 36707
76258 35435
27465 18691
61966 69356
54126 64741
96789 44060
56428 39685
31460 27902
72857 35969
39342 8409
27592 97621
92441 66337
21754 85399
80174 41258
4738 29029
72528 46930
28663 38143
61218 24951
40899 84210
623 36300
14029 7265
68504 41794
44121 88784
15845 26566
38342 2214
39668 91042
74802 12312
51629 55692
14921 33821
99613 38293
40804 75765
75137 52197
78490 71464
86630 43450
71324 83625
63434 23860
43497 98657
99179 19896
42988 85127
58385 31056
71603 49971
19422 13677
91502 60734
36227 79997
26427 91450
69813 10250
73923 50705
25040 87030
6689 59761
64902 60406
97857 50376
19215 99291
13738 29746
76964 15622
55305 75570
75481 67612
48719 24771
21678 68742
43985 19464
34363 62940
91025 25589
4595 50121
82737 52888
9360 56621
43008 66961
8193 25747
50461 88611
80162 55751
33653 38834
98096 60331
35626 90829
1338 17888
93888 38205
69694 19087
60384 82826
39634 97747
32183 41879
50836 73587
66312 80096
8924 82026
73460 1791
45198 30830
28582 48793
85146 35041
55815 17770
92818 49348
66690 44021
51263 36618
12250 94198
65604 98635
11069 85514
29400 97005
57283 72851
90178 39465
32745 26318
73611 69260
37995 28240
80026 39825
14033 43817
45123 98852
78593 13120
9994 6719
79304 50304
8430 70146
71316 74605
92163 47720
3514 65115
64145 51245
1807 21599
5184 79790
96238 48212
82176 31919
11968 57458
99330 91326
11228 78405
5991 18975
28848 7529
55291 3145
92795 43106
75780 89451
81263 41442
91276 14433
41836 23385
33256 53919
52948 62890
49863 44583
57356 6649
62637 45983
98488 14018
75938 93908
65371 73996
44310 1311
56827 94361
61847 31755
53254 33680
2253 60102
59279 28736
11243 20874
91624 33411
11665 80486
98256 82807
6671 18565
45835 74250
33563 31877
95459 49671
80259 45172
8389 65997
6482 14634
23188 87515
38029 5617
92222 21581
4692 62799
53338 45199
6797 51206
65912 12563
36081 4953
99913 96601
94087 66639
78182 16183
82742 17453
43991 72825
64350 73919
61335 78618
43744 95405
2640 78698
9543 50886
60851 13619
14553 48221
58696 8034
24866 40934
57589 14584
40306 55089
66126 49475
23837 2042
28048 61213
41472 76368
34055 2399
57322 23086
39541 96974
89294 25425
66932 47672
70000 96289
45441 1280
47854 77566
92274 38685
62067 14118
58090 6745
10798 90384
62538 4241
37342 77176
37446 53282
59046 97835
91172 79289
71914 49983
69769 40125
89564 59711
84981 69549
47632 51073
38839 71501
79712 25140
76866 88532
89490 19099
10232 66492
3302 47100
71940 57881
40672 46653
77775 98110
94152 38346
9795 80604
29644 76234
36101 51841
72639 85315
87240 78824
14537 73406
42119 41310
18233 5152
91969 39704
47638 20249
71140 17930
78809 70507
79877 45646
74696 45305
45176 89350
40657 45310
86374 11489
55869 99289
57541 13670
39431 78346
70094 82924
52290 30222
8201 24896
64368 26052
4233 31603
29204 24846
24575 57066
19792 58808
971 78238
11777 26511
29817 66701
55258 34895
74886 12926
91723 75479
76275 41888
57362 2952
34195 91914
93004 69622
87436 34152
13362 47544
35443 89519
33128 78480
84796 38816
50700 45410
88893 3372
35224 45554
65942 52037
51470 94794
32762 88707
11894 63173
35256 83665
46017 37796
95151 96483
52222 37694
40981 8328
56327 69068
39734 44020
1750 99434
98561 50080
46601 47674
13472 25385
78711 66289
45212 78449
51120 37375
69060 44952
87411 85819
56396 98908
47409 27882
69593 61901
47082 89998
17390 99225
12810 22732
71180 77867
11420 88409
8424 56902
41215 72364
51671 65416
22202 12015
32016 15274
69160 83045
31959 60270
65810 15897
95224 11283
27773 48263
24445 58181
29500 7348
15055 7451
38233 96881
27013 31998
42591 5338
7649 24836
67972 97243
99914 74924
73646 401
53692 30703
3412 67264
98443 37278
15709 45254
10396 28988
73866 62966
39691 79375
6180 40339
46815 79077
93380 84785
68952 53197
78145 85428
95588 98950
20544 64015
17250 46629
81075 90871
28566 2442
43699 50121
15317 93976
52954 35973
18879 80712
96939 68644
34375 6043
18806 38497
22666 58354
60341 89897
92860 2732
42619 43177
83808 30260
6869 7330
93929 37089
20375 78290
73629 87277
88860 40171
5618 30628
77797 79465
41908 23640
46381 27384
10615 79811
61596 10192
63062 25873
28856 74909
34587 38738
29435 78570
74549 96343
87684 35768
51819 79445
60401 8400
81224 41315
15745 62085
47603 64787
91266 4889
73394 23100
37065 67948
95587 45267
93870 37780
90796 28033
9916 74695
4289 43353
80798 67781
5310 87110
7585 11044
78589 10819
99899 78104
88964 5879
23673 73808
68905 54068
88079 61611
72981 79960
57236 34088
80934 6263
37492 78104
4444 29636
90637 90764
52686 4062
1308 76786
54144 15273
36679 57386
39960 98878
69031 79320
89525 27845
43278 65450
7106 89756
359 45174
5049 7868
93829 15180
68984 97798
26219 37919
89172 31816
59250 14034
85420 53145
7831 86448
13641 7591
96465 58718
28881 81323
93100 81338
33309 42704
7704 39393
2407 41031
77708 29465
10551 18727
97612 80124
77512 40804
13541 86895
18135 94942
33385 93570
24759 30442
74902 42885
4595 12767
49106 19270
19377 39435
82634 76154
71940 41817
42486 77195
4014 33531
20098 22317
24983 38262
92928 97949
56815 91350
36738 62844
7946 30702
52269 16625
57206 253
502 83211
64729 33388
96662 29991
77422 9627
83015 3052
90945 44948
60237 56342
34208 6965
19825 27393
15141 83949
30888 98897
85423 38883
45585 80619
92432 21317
51784 45265
64109 50937
62788 1267
22496 94035
3438 75461
77148 34675
39266 32944
90502 64868
69822 53639
89402 52873
82002 89067
91476 90909
94963 14230
93458 22970
58224 86572
50420 35852
98418 96771
94786 40496
36699 3734
68076 67135
82962 69707
87361 80797
96406 74479
72070 82057
40724 45166
56360 13654
84378 15212
22000 54707
19965 5602
83950 48192
78135 83005
70046 58155
32332 41341
25139 27157
6682 36214
12402 26540
66398 52073
95060 54100
64540 75720
27816 26648
65006 32405
85373 27328
22999 10877
64901 46015
19101 16670
13613 69430
8407 97945
95380 68426
92109 55537
95370 35897
43604 65118
52708 61811
18718 36876
28855 21597
94284 77099
46895 53642
52917 66603
23068 21043
40931 7650
96203 28507
23399 67949
98875 51982
18361 39149
9091 1442
9198 5667
33536 91518
95593 68065
77953 86039
76990 69398
59483 34097
59223 29001
63068 21442
99820 68061
68562 26182
71637 39463
34086 81256
56182 43067
97943 53854
41964 33501
19997 63264
23796 44811
81613 1395
20446 3833
95895 26052
61917 68882
85389 2334
36615 58947
37843 3343
36586 3939
5738 61164
37994 25164
1478 53488
64954 65671
27840 24268
29269 58423
41624 48135
94037 76882
76909 45230
80256 76949
89689 12407
86717 57629
16463 34377
12306 39438
64259 62784
76431 14426
21707 34185
10442 79102
55727 31499
44934 78307
155 6504
24910 80005
58339 61198
71533 11058
54292 37150
83222 29350
34528 36881
31784 14662
57379 7186
38216 22182
15016 95729
8940 68143
31490 69019
12990 93478
20285 32032
11005 3989
65849 90133
34690 54002
46669 43859
3578 48501
12297 37100
891 41696
37296 82155
16141 23663
57412 38397
70679 84747
74683 66692
24119 2814
14655 75810
80497 5830
47331 37763
45714 39882
89600 96030
56873 17837
75345 99808
42343 86798
19566 27753
19601 12182
29808 20621
63194 81017
79305 89598
87534 70970
89500 76189
12997 91001
25628 79667
50844 78017
26050 27059
14984 21496
50663 99868
3668 78066
54811 40367
74789 1674
51844 75991
18114 33875
57995 82608
1863 45104
84300 30050
44851 92015
40502 63836
53211 12262
70720 45527
25919 15518
46508 83116
74982 56491
88280 5172
39553 8206
35905 3127
87622 11152
278 9365
7386 55039
36388 10974
39970 97953
60940 83095
43991 8222
4671 43640
90586 50549
14269 91567
23612 23128
11733 25771
43186 79505
70750 60250
23977 49603
99293 66055
44592 8009
89752 62471
21578 29653
28177 62766
83711 14936
24566 33956
19776 50228
49611 70802
96276 49924
65039 35199
35905 50302
13345 34899
66059 97914
93980 99958
82932 28277
10735 49545
58203 36688
67475 30231
87644 94760
92584 5486
63659 8580
17239 90430
50105 34512
92193 57462
50060 37158
23567 36065
53050 76245
84486 5133
39657 45245
28991 73864
48376 67167
73006 90250
24816 98221
47751 75747
75031 2869
43666 85773
61893 96342
45655 65210
36143 28074
74411 4705
87051 96802
11209 70270
35059 55092
75675 37202
79360 36706
91788 86215
41384 69227
7991 49401
35948 18051
55218 79628
95883 4654
98222 64998
32966 1280
48685 23810
16738 23258
16872 47763
47822 30367
2556 51088
91411 84346
81596 40141
81494 22894
32267 54072
58187 15748
11391 6905
58897 54198
98464 92384
89062 89039
81401 42594
79190 2558
64538 69097
67705 79868
26512 3588
91511 82755
55642 49315
26027 91529
20038 18177
7405 50974
64670 1035
62604 82799
99989 75570
11855 19599
56662 92663
93404 25389
7008 55004
76111 84978
57619 24963
7714 60806
9602 57408
46109 90699
73029 1148
58891 78854
