1 10
100 200
201 210
900 1000
1 1
1 2
5 1
45 52
412752 615627
582219 10241
356427 514247
67179 150569
990263 891153
232534 279059
695857 558135
906457 666505
291903 427400
125454 384288
503855 794583
191272 125921
931455 870138
894713 594420
12106 501070
450003 251554
952830 385795
206619 29902
380682 819374
864107 207315
728927 698779
497635 359353
961985 412670
340124 991079
147156 217990
856648 396921
825675 288325
585817 494420
940937 717628
236185 949607
524187 13044
706212 564325
60076 760143
806487 329440
769069 979917
337369 885697
87665 558646
61283 621377
617341 419757
86292 784668
429446 873590
636179 46418
791859 58082
725597 419090
124141 29623
904189 617426
742948 278792
957461 281672
203934 348976
952428 655625
256152 709159
807454 413212
534847 146694
190966 986687
114212 634477
44934 246511
737493 176293
379501 559874
444022 543751
620391 370806
633120 677709
700082 842274
132664 566478
547446 329517
50982 79773
481770 625394
911263 271494
448526 356864
395671 323016
163597 782730
28477 40146
229132 865884
64093 769236
802541 296323
73746 519158
622025 17263
559986 33828
447017 805574
268 910234
20434 740156
610766 41377
771141 347160
917337 457785
962100 170186
828109 26212
351077 38716
856948 280217
911817 521836
260221 613425
933979 264556
39227 413131
656040 18283
226947 656565
888316 141520
841264 127606
461438 677083
481036 53387
547913 767682
734137 754839
103148 615803
772470 712892
30572 590268
118651 509817
104147 513453
685640 813662
41785 850875
522826 5719
900088 739211
630884 865607
503129 954853
449596 588781
203753 232361
585646 601160
486000 123585
683488 713179
146930 122487
351646 103715
234925 417263
328988 701165
384869 786861
29095 79275
583500 52008
200705 791009
564670 265197
3313 885651
391293 749931
428317 150995
524378 182822
687317 517626
488181 440946
562173 677788
818441 545164
764823 83660
3825 152546
57816 175094
308481 452798
462953 820669
845794 371032
204079 722786
217086 897705
328188 274838
906482 703779
388886 506118
36155 769672
615505 638384
79681 476766
246798 467968
100849 98770
287334 399167
735026 323480
176079 887407
113434 885020
925632 680345
792212 32362
533955 313297
260516 87298
397489 337076
737045 85734
61959 867638
138780 220369
994404 225054
331777 889168
825909 64779
771847 460319
610006 48122
640204 799519
192861 864889
771661 982638
535037 605324
693420 418491
102035 735736
842005 777599
409332 604527
547953 632996
926220 778454
863591 395851
505935 937855
504813 626113
518824 4823
532122 355993
421424 422136
953343 460621
395869 604690
218333 457161
111750 912377
385817 250775
996261 50538
449749 652916
9660 184140
495314 388617
807275 637828
541583 295068
222928 243803
599296 212277
356336 155876
940929 529675
286803 462154
972977 805116
117690 789001
606364 45863
87359 791993
348870 74403
233330 827736
605541 717236
608363 867020
135420 393161
64047 505611
547068 625544
332681 234667
659763 630594
110905 981385
783810 243198
671963 366300
96958 353117
823824 112282
111643 17350
719838 129716
69902 645605
796247 842141
749230 718883
72525 197899
42080 183970
234906 645306
103797 612804
314835 229626
426359 848398
547079 407114
916013 118711
535194 298760
936778 216066
895778 787948
277687 456757
966424 848442
477403 382157
397561 8557
637442 690232
322295 542291
549433 967626
195 430475
263681 445357
144423 760415
786232 635449
812196 434181
477137 611598
629207 829641
564127 479883
468471 441584
438263 454267
279557 460181
903302 351038
262560 1215
583611 837570
910999 587880
348362 831220
884453 141620
175674 160363
165270 913794
26927 788205
977780 163806
153364 285796
836198 597302
704655 436799
673617 162127
601961 69717
742987 922514
115804 847101
342025 829388
233230 232568
560672 300107
942079 185123
161231 377307
673007 789215
257365 966359
962007 101079
629297 540807
374540 378901
2561 192271
912804 423097
848416 450836
246660 937660
894779 151796
563950 95184
847935 822868
310645 411960
966162 449885
495336 377542
250298 988381
983850 39355
874925 588222
73984 350670
312271 874787
811888 96499
627094 675105
195317 844182
119567 422195
144857 830478
6916 698615
355055 328389
419024 239707
313487 367959
599940 567101
778957 289494
688013 492484
700878 501893
460064 228542
274605 432930
881938 837186
152 173637
444646 63212
351229 639992
719772 399458
996754 536726
726888 749446
304778 408159
814812 749401
661538 479333
338497 685155
685288 707995
663293 754168
409379 828186
359957 881220
715842 84119
768663 153114
875523 575200
264575 584749
17822 51727
392604 970143
516683 925371
102244 165151
822065 331477
339902 457223
798757 649061
555230 180550
260077 370331
411930 323422
171295 291350
175695 165232
913079 376591
57822 374403
386848 268903
667387 532952
597680 733036
420253 706533
405507 220414
143387 472045
946930 895611
491512 374503
749789 274988
501125 494413
393360 859131
365366 513740
354160 349633
298273 154978
701242 807580
806922 96936
958442 785595
746732 351535
924215 359468
92017 304852
396641 337585
461182 604237
514334 642457
874204 472220
527806 741050
529316 897576
923610 285056
806521 206084
299788 421867
708461 387688
396778 923045
53282 344323
195616 102108
385976 270137
644421 21529
652707 260605
727680 134677
765856 340112
238958 530520
931515 29990
38612 842495
369079 39843
904059 559345
432849 707045
110342 788464
207869 486951
722063 358382
755886 123888
282782 235906
160451 439762
236322 886738
762849 98329
17108 622873
735903 517671
233020 154766
287799 333426
317782 219507
364370 233700
228926 485989
621393 932486
102073 757539
629928 686169
551021 771508
742474 808319
492278 270688
506892 385062
850921 337925
785695 673231
250909 852819
135599 996867
766430 372383
869803 15500
608161 216688
136807 592688
485261 994446
312439 270286
48937 997678
544927 31675
527831 186524
933669 857602
109765 732455
757553 687210
975630 418326
465701 138569
61635 626928
279888 42538
785680 476314
154809 708301
698900 271480
741874 763090
231972 933636
52077 910292
366230 182589
816245 16849
310555 81795
398379 910067
943147 773736
831558 628883
641113 358786
696801 369678
274528 676372
684741 757900
843153 337105
546347 115057
191239 168817
672492 413981
42306 378358
263832 829257
421293 779914
575852 840502
401591 656028
126333 676833
708685 577801
953583 322608
676724 823212
675047 173981
876610 441784
123742 85684
694305 815229
150668 378913
959278 671832
185451 946136
541874 785503
46153 501293
141907 117998
95507 313144
45545 862090
450668 823891
625697 610193
313844 604789
177676 453510
857340 226594
429324 806324
696041 175793
776731 424964
499420 593462
750779 125283
166015 458914
275156 408008
353010 313080
353004 978865
156821 809704
137368 288880
67766 737263
698450 415749
91337 15495
213717 322551
215626 950576
350252 624573
969952 985027
285222 584721
830889 256091
929124 138838
361510 724662
98610 410022
326402 820797
651475 246580
353034 778796
82125 774526
350309 453335
271699 509178
901834 899665
51410 249034
320076 327372
386336 114690
507664 243565
490734 704593
871306 889992
780188 622492
894976 145704
186161 405610
655353 92899
391688 393683
741954 524071
294949 934588
944193 45262
268788 28429
829965 139308
609346 974367
895107 663387
472891 152904
455229 293805
951778 600616
413082 947580
150800 748606
603544 749025
483725 459864
395136 380567
757060 752710
917832 115168
779024 804900
641096 166694
83890 986020
198701 832477
374671 25942
278206 350388
718279 535687
450120 496501
625810 420248
495139 273290
804370 232106
860491 503242
677327 179317
131066 841938
589958 881826
751557 463807
547818 297994
751639 855124
741656 40471
223347 495750
223276 3944
50801 199250
238903 30454
41848 968379
105557 529299
325325 98675
398718 996396
627694 13870
680538 195798
857750 560978
838264 565843
69011 115153
901458 219072
903374 166694
998816 374830
339781 739928
455494 688705
215400 516691
875909 998152
890109 818923
345246 118071
142146 31966
85592 790
493818 83617
595366 285187
16524 195057
113694 811942
503709 285329
126456 575691
407232 838131
235644 494941
535037 49286
387211 675236
508488 135406
894187 192689
681228 925533
269285 51826
8357 426292
773559 642825
581598 611597
568313 463822
915334 358989
530885 14043
593250 349719
535143 658060
729111 818684
977196 668772
906762 973312
581735 40320
33639 884839
243524 135972
285381 108120
520723 546925
55804 1382
403683 852560
362224 631571
174500 615241
309969 651434
467204 304138
795849 511131
613281 473000
453790 591462
448443 376933
436779 304304
798905 790798
27702 767848
654830 527635
38160 508035
724196 365425
502296 455425
46308 317864
359567 708211
648658 951098
160463 103764
880490 861422
10496 761468
374642 133317
135171 582563
51488 902986
824147 465247
565363 483853
440791 718191
683989 680362
158222 114420
879071 576407
969275 496551
869513 824226
149149 364536
316549 475024
739806 136048
678665 761714
720552 72490
381697 554398
904431 776125
252465 787830
412404 912759
771239 624058
747630 401893
244549 255679
416456 970485
746400 896004
428839 292819
697509 259437
186126 545134
600556 600350
444055 781456
565008 555581
248938 874600
91602 901411
214077 394284
989301 517971
587269 205622
329568 787637
46644 889678
128443 246118
709478 889634
501434 172879
70784 31673
723466 366657
402591 4468
968642 453917
475330 851171
588332 762267
874220 97665
26240 123121
473583 105935
612828 800097
435931 545119
278178 938718
402335 463547
567359 311497
213167 358604
502989 786520
887158 306867
14546 765440
868503 188238
906423 245751
42745 625377
550132 617558
244802 443084
397651 984746
567487 152222
363374 179148
68396 558948
589020 530559
600560 951955
351785 95329
930848 949101
898374 791459
42392 938457
70278 641147
984669 494452
558271 40742
960358 896241
657459 224463
923472 684183
161420 658169
908099 711360
193590 247182
881193 71862
825225 562827
195098 26239
956989 282332
767064 357255
375277 42665
14992 210031
759081 464182
819921 891344
637089 916503
9675 534201
319613 574252
509669 867145
498967 774200
462943 353981
14954 73718
964177 669117
753035 918089
883083 267317
167272 799441
153004 519763
727629 909077
925145 190898
443546 54095
631647 498039
350449 502541
88010 400866
648356 119797
564027 850189
674240 564119
486297 838567
505338 662134
756688 963398
643841 902171
185173 254212
123722 271007
518129 285379
514394 439288
869847 903523
206049 364769
366658 939150
360255 15857
271470 852097
758461 412961
194332 953558
668571 544610
94644 439420
461164 927664
528653 119719
685246 582430
751183 642867
690272 113621
929420 666040
515314 924848
767369 695598
568816 788832
385876 367610
901620 326973
835655 843450
623287 747569
480662 183602
949684 47570
828158 282451
692337 680069
598974 556012
140797 623112
296461 762581
965644 257161
231168 433210
494978 28650
872797 807026
660995 526430
759746 846438
15625 126878
910151 506646
207587 695376
182365 826185
404360 516929
812042 761105
804593 744028
116163 771092
400021 584096
496744 838016
15167 226553
655841 554551
191327 794204
947436 126832
368013 311263
154157 6597
791733 393722
458215 296660
558923 265033
295573 916549
944862 314760
722498 485076
188772 153806
51560 336413
875076 301137
464484 882321
62904 857625
483139 927782
891027 787248
553831 205555
94055 89359
909860 515795
544700 913867
446145 459984
370870 304465
174006 349536
366735 616435
112904 49833
587181 111230
938107 340484
299480 407084
330307 409710
159368 968694
862737 942311
15107 801787
73158 27911
300983 130065
423599 149226
951281 876829
366073 875581
152169 671185
888406 991966
459927 629335
315715 17615
797704 341965
300062 624984
476017 715833
385041 495899
83131 154636
411681 218503
138039 49572
896621 295263
133884 635265
202993 366769
429294 38789
487791 98308
385938 660718
857635 103034
463799 899100
413236 645777
34200 40873
186014 455163
978822 399933
249502 49364
763064 867988
15115 153597
810765 884023
636891 497229
135713 34871
955723 449578
119698 364876
494951 465488
37967 897494
34513 895335
128291 478528
685996 897531
263274 273994
77089 819695
272365 816188
676728 756972
691945 732693
494423 720682
951490 247027
152407 338641
128449 274529
851714 689427
394606 662519
987754 183786
961380 148868
166357 675559
375691 179792
674001 381097
517224 771957
575353 692296
116107 503020
391630 867765
644077 888582
851883 575304
692755 309431
438421 238920
278598 905803
983781 497750
936482 970267
235425 114438
391829 930885
691382 160437
388663 657680
126493 75628
52086 788292
985179 119417
841257 555844
39888 783173
261950 310330
971330 405916
877975 531374
10156 381093
203982 981525
846165 783159
268578 177539
385454 321591
513635 338794
880529 506170
973771 192747
843656 252980
98955 144404
134258 871912
981118 78125
436500 234883
619259 293823
543808 794297
581074 468755
917425 517307
191379 263890
895292 783850
685101 819996
368577 401403
589160 18020
79272 232144
305172 86427
497387 175824
163058 494130
755675 188179
134041 861905
726114 945104
516036 109593
767528 95119
241804 987861
508075 103852
258829 902619
467351 999180
956831 229468
37685 975632
197864 630846
876900 430416
845828 484885
119770 492110
466732 916042
763174 261073
735009 540064
156813 43610
595065 548509
349767 710593
59208 762841
618835 430890
283584 733814
347820 82676
472739 328183
605357 213148
630992 421610
146214 821067
458810 52072
954745 886678
303390 582818
554315 437642
950405 869410
418271 887414
860695 37015
481122 130510
9986 520819
735540 691785
712709 93024
83855 483983
46459 899476
836729 138842
512686 200360
786318 968773
337280 773357
955464 156495
433672 710824
935703 534789
236419 676596
712922 516240
423549 629679
438521 774078
132662 191122
856321 94043
14532 305312
389652 209106
678 358678
556060 137236
709326 814649
760544 997041
354491 249944
963223 507215
276872 134272
78874 731938
151784 54133
851197 390915
576670 940510
