1 10
100 200
201 210
900 1000
10 1
1 999999
9 9
869840 941992
687174 651823
442154 364950
646229 331765
483307 200422
705031 333832
160659 669771
935469 865911
938183 446618
593982 465814
692102 680112
626614 679561
109385 398406
958415 43763
445048 356170
249751 379492
987615 64809
132074 808229
886635 481637
190769 476571
36213 957826
207321 797566
963983 491838
810578 156433
133354 418295
47296 418219
740649 539834
686759 225366
72284 768041
758497 897515
769565 594725
557003 28624
895182 16410
205 175798
565806 73755
673475 342319
249516 849985
914707 187631
969447 477161
798188 711071
484576 125310
795534 166888
447733 4497
521267 16023
748569 542373
446961 506258
61729 467593
297950 685935
310741 263834
381714 928096
206100 677603
275912 728285
780139 820409
299899 685085
374377 798020
963044 183878
995900 667842
67943 624679
898467 448878
939507 278974
404507 828141
303144 755759
753245 56268
795918 859923
5716 895982
322002 372534
345637 116521
397137 176823
182572 516711
313426 898948
159678 473166
355377 999896
789218 548079
759100 517030
802414 511856
722123 586480
811055 65846
402784 474564
993224 823083
328819 417345
723906 460177
802938 502155
601703 427453
379426 3356
276427 240393
886014 870473
946155 534147
218849 144642
418984 657904
102073 620047
646214 582495
802079 952245
461047 819837
88549 95325
971318 628939
328580 788221
883277 786336
204705 41983
470538 743706
430036 204249
753913 712975
436972 73121
934526 175838
885898 140402
317218 769589
840759 413056
316560 825420
96583 327899
526256 773317
431638 263025
490543 138374
595867 813951
623721 233438
305077 869874
524746 263527
854436 404736
930103 689795
193270 732275
416963 707866
545679 107623
961788 634072
682707 975945
876630 617506
959218 653195
108769 660039
2029 204105
666361 684493
167106 486239
771733 757629
991786 301165
937023 588177
881800 867592
820750 42263
22624 402596
608303 689826
739423 638312
661374 257311
741161 484076
683782 633525
490450 92469
380588 204969
764064 292091
566003 2434
828552 67028
526650 320689
724103 105602
810844 50742
47120 663386
583391 228999
295450 140121
653358 950797
251433 372772
820860 56582
875282 783594
151409 140672
183404 659827
244964 508808
442710 121720
235936 313408
936330 240879
441188 732245
621118 428468
421260 496981
471541 151638
808705 12915
979552 818865
757287 148564
726492 714892
725921 632468
637408 766474
947162 555227
186692 586310
494867 69530
573917 666525
82932 512175
411952 218108
282578 743071
953312 898085
36968 678434
61881 702568
498850 924283
42372 841406
677780 418406
78241 669398
468953 935921
529469 461918
547891 645164
356137 23231
998560 708670
93659 724207
946201 487260
177702 479375
213345 190304
870534 267073
593947 149060
481129 356582
63696 399781
147519 57687
76265 598190
974417 62853
453972 55342
24852 356787
461651 720899
503328 386175
973898 555931
428864 853504
806660 620256
217146 614683
729437 929020
301672 287069
390715 275325
489156 570045
395592 61860
839775 867261
371974 510836
968368 643689
782180 256487
262964 474531
850709 755716
670750 659802
965331 66091
966262 270713
746199 757504
696345 577429
562458 160918
361518 447430
215446 124465
596913 713528
560988 535934
841546 895240
538434 633295
620952 654260
660116 698899
971406 469283
111344 317435
332630 295549
75846 746312
780460 996854
175159 220239
356551 283770
910806 946785
289902 662792
246889 377209
542029 633852
904430 506129
741087 245023
826212 233581
343336 86182
366966 583622
351799 526688
13120 416585
529047 526405
421002 746605
18960 938362
491766 452867
571979 40597
775501 401625
917080 454551
888572 340181
840074 430690
819078 246339
257628 708231
254202 23456
916327 524049
231937 304797
819851 77239
172867 990376
292075 75985
867707 999112
438458 686706
374458 786114
652930 280591
665617 147443
196655 617102
647089 904757
163994 507763
577889 880723
764777 747075
538519 380099
30831 850092
761223 834438
889732 204843
826749 159845
199 383055
276267 502640
711617 216115
565360 298536
607272 47915
377994 409266
278093 396081
901560 702625
818987 529258
19626 286436
156222 817075
62300 144004
645951 602828
736794 992336
80297 780957
960801 882118
223894 657
157673 413953
586978 539655
799711 254080
370833 412578
185088 440398
62963 860116
94150 781503
26592 213935
789090 670628
186195 727293
917501 636255
981596 181587
467324 165737
12270 251536
273405 492670
420267 669154
681404 336514
696114 587868
685693 288544
425200 150083
80671 585379
232478 771313
488519 728230
90607 746958
203763 53847
514357 263075
734801 487073
268219 708355
990599 407786
751072 556187
956829 424307
428727 409812
437614 63741
26698 108818
936625 44489
402613 444928
35212 726522
994557 686551
774505 896020
144907 514783
969685 684085
991899 938109
123385 250680
262313 508551
377911 488053
364677 681126
83708 49131
819818 201670
58488 645818
902471 453907
388762 587026
445138 761704
793262 659398
173293 290038
757034 602413
277613 870783
106593 301561
109671 208505
300206 145547
176835 322784
728728 424497
196044 960727
291548 799496
548216 576601
157411 877080
546589 446102
403161 181401
884298 262442
62946 581152
940303 925961
613647 590972
911861 839382
307242 979362
307212 603484
146717 461760
84485 601771
920151 802663
614212 195076
913297 709746
123664 62524
687836 559810
106884 205114
894773 303916
779998 686388
246869 869117
338189 312799
592680 8820
561943 495875
102277 560180
771078 255536
838175 211497
574415 528087
149319 858805
904822 923089
121921 132573
274254 434431
117627 470881
171867 647176
942479 864400
581622 477019
32472 810485
835266 612940
378200 461861
9657 38259
821592 492139
645865 600723
83848 117895
252619 880309
112980 335668
652422 557301
428049 497577
99278 549816
961431 881243
752559 908390
600221 75475
366199 534429
879406 573094
282313 363819
316309 737546
172176 510261
501622 222685
343401 43263
648156 96754
543460 961680
866211 59643
147670 216048
375930 680983
760020 515291
424857 944156
451364 886023
594441 803897
377318 135846
104504 177743
665558 773881
483020 326667
907001 569221
72891 988863
991235 486030
304068 726077
195895 298325
288439 278310
193709 408854
984924 115872
273782 794555
672199 341147
658027 365160
769751 147077
66863 910443
679329 870984
561121 836537
728190 416648
969765 497604
296105 518830
175669 104921
309121 916030
350967 960951
108879 921931
392459 332841
601828 571484
495278 308553
870843 816840
76533 104550
488639 555094
353545 28509
830124 549741
790652 797065
682562 390961
468516 388098
974085 243159
847306 570828
839368 102282
444296 489956
959757 248541
529152 505994
933051 436232
139206 232017
101181 128883
388628 185782
324519 453197
814512 535576
56795 875849
598935 309039
262791 962032
740846 279597
300579 705920
698673 56379
341866 832202
251885 361277
829753 552806
895997 643007
632281 407119
624452 95571
570436 959894
830691 2021
561830 562480
674866 647340
478799 41476
147410 315540
330472 712316
669539 454741
47473 28381
752390 312483
167965 269914
928722 216861
229715 657074
389423 950953
658352 898394
828894 457092
575736 11461
419204 271119
802466 112060
659639 227259
9694 557096
426665 358020
102699 17406
572015 397018
939698 532164
702574 839236
874964 661039
396432 546169
686381 485295
715139 537066
948323 659240
201041 809696
905726 295043
726779 537028
28302 578984
170819 278088
409180 850546
262945 164859
893446 339862
169858 675072
159683 962290
975936 274865
909768 131106
80699 2040
278422 729139
526371 919819
883693 16609
124064 947085
331160 967148
929827 951579
515161 62320
618989 129505
172144 674271
234377 151764
631336 296569
140488 504749
131664 319073
310314 975240
889348 967537
136992 650358
302585 616069
611370 485082
642315 666088
611256 835049
704351 509953
571389 544902
818018 933369
436399 364519
765814 965616
30857 64430
906205 289726
779850 251162
728361 110398
51696 370026
670698 717339
137919 307172
106236 394307
953429 106166
188474 14941
676068 49196
177783 431212
55812 532903
239957 965066
692351 385040
173115 959410
914384 716672
677250 456971
887577 990043
425227 845607
241017 592413
628151 580754
870364 607090
40999 705254
503697 775536
838105 897191
673236 430557
745856 507023
321949 238830
205279 109874
353758 942771
197774 695719
613424 80062
956296 194897
547541 995385
429018 754565
453802 37411
760076 777174
49410 811666
473235 944302
763457 82938
505976 414423
510218 795055
618598 424018
173213 831175
109366 804698
169684 170068
326145 505159
832019 940837
99290 931537
687680 996073
476949 718028
16695 653690
824841 337772
339210 974758
804963 10103
725958 493661
80676 72725
208085 279179
333603 156571
900198 205361
987389 74968
605609 840866
43805 204830
271462 550488
592269 403661
794813 120040
192792 590133
2172 923812
492523 426101
211482 141651
476490 970162
235259 686151
102251 900728
667072 841204
351787 371205
86393 759412
286600 553368
949177 766835
380086 820354
32899 867990
215783 689036
778616 229482
427150 188071
316538 453187
168536 144873
313190 639048
928972 302467
154107 806457
924236 945643
50157 121500
343963 398607
312461 981808
434205 886586
527651 588847
930760 540994
725823 382888
179991 282738
323273 664790
297744 812348
540842 823783
497480 285868
749600 133452
196959 140326
511520 251199
414024 692786
289065 182569
713197 32070
550823 528714
812812 846776
18158 663778
3283 653722
478718 591955
979083 813975
19879 551161
907642 153976
362482 270272
144262 740734
258435 360270
580766 456937
50227 39544
300521 108700
245779 903239
29886 113281
845529 612256
774463 14002
31179 539519
61996 588637
477018 4317
393157 890724
343682 556
563398 969795
280043 762473
530977 679643
217752 495307
139328 325924
445179 542828
212625 923385
382154 342790
318960 679607
63574 7361
558616 5469
992876 704428
833414 747492
35141 698398
976957 551852
820345 797626
846431 19762
975205 72612
827765 669377
96220 343214
670497 320092
525819 593264
779326 596425
166133 100907
379788 925093
936263 35493
505742 745444
731133 278879
967624 562971
972837 493955
292464 234933
653244 161931
363971 327786
292482 106340
922602 82200
460385 339658
564424 204504
798914 665367
486777 150176
763918 755076
89427 938659
242739 930832
370937 422106
766347 175019
797452 309051
290220 835332
901153 256744
693269 723112
632532 344970
79021 451527
216753 742863
176505 658026
364919 771832
791298 604547
418829 783395
677770 73017
880498 447279
672683 882161
85043 291422
52208 582564
475588 198334
724810 659187
990 349647
771162 706221
191624 10796
856894 339911
787795 146139
624050 442047
577551 524649
506278 541701
710564 153461
242876 872556
465322 571622
797324 396737
589696 778022
392507 203862
164445 81598
872180 393363
903895 360192
571518 295855
947227 460678
626770 119670
637912 406576
529928 394060
218200 694199
435346 967045
304293 605809
741298 710342
954289 501459
242504 447526
775399 720541
597097 367014
916383 774500
7123 811797
440145 291991
531217 847402
82833 738145
977218 626013
492421 814434
911187 290335
851866 878525
834488 331642
450721 229729
319427 533714
145916 294824
917066 276514
188198 477404
109159 990615
517994 652022
878787 837658
399013 897120
686204 507893
93092 467256
854333 314280
659903 511423
973479 254183
26962 862740
573505 18278
506291 41010
982562 868487
5194 342761
942535 258147
904013 427764
4661 556462
992713 79290
323894 31993
297929 503944
48531 975413
749064 283744
5392 288320
344069 370054
615055 160521
360219 378490
873234 902625
634546 927401
575170 243798
953575 693487
24521 847810
9597 752610
293876 24939
676459 762929
932079 926188
342300 907630
77390 919940
391940 455146
749437 933199
751098 418448
432952 41379
815002 512477
657054 891673
538146 273126
809125 908827
90391 938051
83137 97346
286340 98820
828024 743132
707147 308094
85651 287014
860837 216094
739510 193611
557888 590360
214810 33164
480026 444271
795711 760834
583165 370601
522234 796718
666247 32342
135505 578964
184323 725771
14659 208862
645837 377406
372926 168314
870416 536032
422029 599478
334259 533728
219292 322563
257324 929104
103347 570866
990345 308273
984212 544066
291740 93540
969182 411119
896170 457807
611412 486985
881481 826470
755103 942575
338498 294005
876885 175808
440839 581735
162830 839238
876155 895527
967740 532808
477290 679100
959065 175658
328010 256040
719493 830015
793651 763120
314395 419417
626684 904636
90466 153931
456654 631545
91566 420566
267086 410079
304403 556616
518002 797842
108346 650945
283222 264352
378726 873686
471663 930271
478837 372998
160630 673502
972701 682028
900099 948700
477827 368381
430898 214502
155233 697679
31428 432372
706319 443645
726036 390968
236228 694800
284822 187405
115604 882662
881157 899228
271741 818543
590587 740118
855837 438760
766586 470237
300642 170519
908471 223543
948435 934499
790758 641197
820069 929664
385195 123541
668071 953468
777752 895161
975936 990649
642037 943044
525805 258214
270703 942758
252559 904177
239906 375987
642087 652059
987393 196419
123700 867628
500282 202254
350482 788984
615831 892039
156978 863147
102736 683129
104374 239711
822152 765013
636925 727460
23863 683722
976285 732455
980668 570238
409504 904974
218393 687347
10048 943308
188051 684751
522777 497129
908194 680494
817482 229504
281680 193907
394792 897495
46438 584957
853008 929304
11649 66630
124850 463410
555226 621884
353984 31309
452920 988690
252982 262274
94115 24596
712985 667611
288764 538655
524956 841523
261106 825643
178362 454069
896067 11554
47974 918691
691260 30621
749202 27361
865735 388452
388742 360342
854877 609673
587055 852212
152331 55196
366733 632974
355606 999722
883578 598806
877129 963045
195790 919106
848121 398227
187977 212577
211714 947840
504888 622264
670285 807252
573624 42693
961073 268248
417913 809565
326337 491406
171410 230114
289999 384921
889758 716812
967832 342604
406477 707447
688645 110141
602381 428342
