1 10
100 200
201 210
900 1000
797224 325630
688108 61717
544220 113197
933169 819860
240390 554666
614111 290501
532634 302628
14156 356547
11659 282358
729200 392549
346926 631037
264423 782565
571652 342953
63730 693242
809319 960295
131669 264804
866306 226453
932872 234362
239344 221727
530665 152730
533730 535628
37657 308415
283302 122233
619679 588592
741465 47508
483929 325562
723271 732522
950703 964938
585900 965321
273208 207066
901471 785271
7402 609156
525112 99996
349968 450997
341499 10693
489373 121611
545703 382355
956307 808717
542378 53545
308433 941359
404733 699285
901640 554738
884962 381394
464707 298471
122584 77782
512552 893679
956156 248122
120678 245128
920520 386437
411906 78140
79980 463117
825245 745637
941632 992938
802668 578631
716738 793114
583754 824080
865340 170681
404895 4229
833694 325459
530426 475788
974429 142345
123648 275900
253129 351925
869903 257406
85497 812851
469013 92357
417918 739652
489633 270777
188070 34072
297832 596294
988346 743479
287739 462537
163389 676461
571488 832917
288734 662671
466794 611404
397803 78748
577055 247307
470354 26976
587764 973551
926967 141494
296049 306911
342459 100392
401530 29329
889603 709035
128506 860420
474847 178286
278747 663230
29761 259886
911929 329898
510529 904911
360798 394325
989657 968031
329586 333874
267272 299157
569587 864481
354964 67150
810342 514260
73235 970717
909418 905143
