1 1
1 999999
14357 14357
96862 97980
91822 96293
2543 61856
59176 66453
38020 75973
15841 59276
42025 83996
74685 87730
60956 73427
10662 30929
51862 68400
61674 94716
11607 55929
80752 90131
92884 98211
52742 77556
46246 77832
48335 95707
44686 52252
92096 92554
98966 99692
71719 76979
84712 92042
73187 82774
99448 99813
27014 64713
94149 94562
19707 99329
28276 48809
76186 84523
55109 97998
84892 85553
94871 97402
48161 95872
48904 95962
75879 97752
15418 65436
44002 52114
35085 70883
81148 89049
8044 65045
37707 61744
95387 99228
2315 92157
54316 62445
15364 56127
97648 98181
48090 96751
42176 94570
28144 87888
84791 90407
94975 95485
56923 66812
10752 84097
80053 96011
90916 96744
33672 45075
71256 73277
92721 93825
16788 35187
35690 55297
37410 91487
15471 78695
67610 80615
48778 62671
44184 61289
87068 89724
29786 71086
47185 76781
46365 47602
267 74801
53077 96835
91101 95407
93469 94885
93149 95146
13293 67214
19288 30127
60564 65628
79555 84033
42820 52406
65762 71654
93908 94045
4330 76499
52634 53285
86741 96638
40038 61041
50108 71329
18211 50850
86720 87582
37721 42398
94183 95778
69305 70357
27940 45596
25205 79787
816 59703
34730 55568
92965 93429
40424 53009
78237 89431
10014 16963
93863 97576
23939 34956
70518 91147
4902 56351
71696 80434
36981 78073
62467 80728
42749 99895
74006 76499
38037 85389
18046 51854
43177 90774
76130 83552
67048 71238
94575 96933
99578 99578
31512 85936
31381 75242
23165 81294
70031 83687
89091 99767
7207 90258
32749 90399
89911 90030
94973 98622
44262 46627
97745 98718
86207 87720
84305 97651
47994 61807
7409 8683
95649 99308
62200 83229
65285 95004
10001 86871
5375 72081
7628 19591
88041 96359
30582 93900
54602 86473
25519 98474
49330 58658
71388 96014
63439 70416
27266 74467
48743 53080
16931 64928
24693 31003
58463 69970
11008 59185
43841 72508
41253 69100
14665 81745
62606 92771
57186 58569
30391 33374
7489 75171
41084 95240
33195 84460
11798 15859
55861 57977
81312 84274
9575 28338
89997 93504
40701 44496
3217 24477
3335 24758
65147 95094
60476 75044
38875 55511
28266 89248
76185 83019
40684 73572
59355 89937
78330 78668
43537 46781
68339 69207
2820 37500
74965 98012
14322 29297
39560 72707
50103 62410
31749 49111
17674 48243
27653 38601
11911 41117
45092 61360
89480 96217
30794 91972
98788 99243
46923 92032
58689 76306
60578 67724
48435 55440
95945 99776
82013 85929
99535 99981
32197 96495
13588 32591
88780 93851
64236 66982
42418 90983
49399 79952
61245 78330
40307 78518
65794 90202
9102 62416
48169 94816
32559 57246
40462 47232
32333 35701
57885 93596
11567 27367
74576 97485
74160 95306
86302 93961
46164 47859
80981 85411
95148 98805
96155 98492
39097 93751
96480 99438
69256 92260
80564 87717
49825 51305
5847 31915
55062 76286
88185 96223
66525 74266
96553 99801
43321 44247
5019 13557
3411 88310
26687 51588
13107 30382
12025 96207
91080 93451
54217 61468
13331 45853
9933 38428
2739 87052
23145 65056
87408 88022
98435 98777
9465 34163
53949 68300
16098 90123
97433 97702
39093 78906
50625 86396
56813 74770
86428 94441
90457 95538
30315 69431
63613 66391
70028 92792
84006 97498
81000 81923
18710 81763
25275 86183
38896 91582
44476 98828
7764 97171
92809 96326
95334 97085
23932 95240
61047 78449
23218 46939
10476 64754
55606 57126
5821 53599
73070 78330
20382 81223
16997 71848
41124 90698
73350 79691
65795 78814
12775 51848
70232 91783
48619 60682
34284 54761
24636 57116
70619 77189
67083 67546
56425 94246
88478 94216
53333 53554
80883 92510
46497 57742
52508 93064
4869 81359
51648 94147
7052 57907
39647 42794
60524 99045
67303 80856
41251 85273
1976 71401
58230 88606
13585 78940
84675 97183
99414 99437
15047 25210
25972 34609
78804 84282
2373 87335
5046 82583
9459 47326
98340 98908
3373 92970
72579 76712
22781 48270
88009 96850
75384 96709
27282 73002
37668 53169
3095 74798
78953 86078
13163 78393
18361 21947
41713 98809
9421 51342
65598 92883
6488 7606
36798 42059
84934 98606
77025 82710
73684 94871
73858 95039
89288 91577
58019 77167
63836 97068
55633 79224
77222 79793
20213 42088
77106 77213
43287 68676
41432 68754
29544 91694
92186 94782
62753 76840
49137 72147
44484 78485
4472 85006
85 426
43732 59757
3344 64567
8888 51637
89993 92610
95827 96670
47446 98320
19214 91753
8570 28988
52238 85988
29762 78900
88290 95017
6399 49002
11122 64054
5320 6518
73833 79687
93376 96115
28440 29717
66087 78481
61947 65818
62912 96260
59319 84810
43514 76480
1364 49695
20747 79618
67154 83747
70 35062
93178 98970
95658 98666
40325 89409
28991 89412
26678 51602
8967 64689
48754 82506
55184 97625
94832 97795
99202 99391
72189 76265
49485 66811
71422 91480
88864 94937
43958 91230
81375 97742
44811 59981
26113 42391
66873 74084
75494 91778
68594 80196
99522 99559
67706 91269
70900 80400
59343 62495
8627 66993
67333 95426
75673 96057
19916 50526
67137 83166
86632 89993
5750 50479
18092 31802
18405 23302
8998 66094
11380 81095
90684 93173
41219 42800
58315 80863
28989 42347
94210 99469
90802 97697
28636 99054
85979 91527
8219 21237
17136 70081
68623 97346
85380 94881
94691 96233
13899 15711
39287 62092
63283 74476
84527 96655
58536 87898
8307 98038
2487 25558
67546 67726
3583 37635
96972 98379
16564 38244
49686 73859
22342 87590
11194 97485
94958 98543
94402 97958
31404 66110
85237 94753
42374 52274
63127 86588
48158 52565
22930 30544
73070 75962
80732 96718
42218 67742
51198 61280
20965 51419
11945 13346
41531 90897
70024 86354
93917 96035
23429 32243
32333 49647
23678 26642
56392 57917
94794 98359
5155 29970
20828 23269
90555 97113
28108 31265
84773 87562
31570 68273
91809 99998
43797 73524
42926 43738
78817 88767
36209 87093
86504 92950
68951 72453
21230 96703
37024 67399
33915 35870
48430 64065
5921 97846
18639 90136
11132 91146
74205 93825
7012 26203
20246 44577
13763 57642
39704 86225
21304 86619
7255 33758
42457 90077
69937 93136
80571 98195
74422 92834
6652 27836
52312 81389
77947 99510
21879 26738
37923 80096
88610 90390
21556 97636
5697 55623
5340 55028
66731 98894
33230 55878
80562 96508
86734 98901
36457 38664
46233 87212
10274 35208
25495 28137
79213 84509
86679 93187
40162 83746
24474 82753
85709 93100
78398 90704
15527 21561
53342 54698
70869 77130
31208 61411
38027 65788
99431 99668
27995 57554
50111 61239
25968 66481
69608 97360
88201 99932
6725 80576
27379 83475
51488 85641
24378 78484
9517 58621
10938 33502
21600 24985
34016 86405
62825 79358
35581 96187
64327 84601
97000 97319
83848 87983
65346 73382
76862 79005
29337 33727
13725 57680
88907 89264
85575 99552
22804 97972
31275 51122
88135 97956
58728 67574
32672 58240
99846 99981
96539 98322
96527 96918
26139 74047
11035 48634
44020 94430
28456 50531
33486 55703
16329 75097
68799 73532
60192 81040
4419 31277
6349 43328
1481 41183
9060 84502
20592 33577
75479 95228
58202 86100
97213 98866
5431 65250
39190 50133
52382 91068
81786 94059
6040 67511
69304 86417
89836 96790
33886 49695
71709 97095
73905 86696
34451 43024
34320 66064
24983 88078
66592 82890
25953 84598
65159 71803
47446 91945
85145 85981
81522 92669
87443 88021
47174 98840
85027 85108
11385 63311
20066 93987
57052 85468
31029 59844
8690 27122
97648 98855
9870 18446
4565 68496
53124 73247
84034 88002
22687 90298
2043 26986
34133 79960
71290 83520
63502 96562
47835 61495
45144 86758
59094 73159
30043 46667
21782 34218
3216 6367
61762 72010
59116 90381
62418 72455
76693 85555
26708 98783
76208 88252
41103 63852
97564 98970
34406 47978
31059 80404
43808 70657
64510 75103
69355 94626
43752 92030
71800 85320
69317 79300
60447 60603
71389 72234
7488 89738
5594 41503
63108 64056
70344 76783
73057 92444
10933 65607
63771 80141
63805 83251
67293 73505
10922 99093
75032 93441
62440 66176
85132 88885
56093 94989
28324 90318
20039 75167
32098 62776
80956 87084
82197 89080
58014 84454
92286 96878
58109 82713
1258 60527
51978 68455
16269 24407
94119 98979
7353 64654
93159 99239
69777 77243
80695 98931
54534 97502
64866 84649
27686 75232
38034 39956
74686 88352
50488 98868
34173 63529
26765 32253
33460 84274
60534 76596
59840 63936
63675 81550
99165 99622
64164 66720
9880 98686
27987 70647
42904 65052
70870 75432
88694 89969
65417 99660
17958 35948
91544 95315
23097 62019
35678 51630
25295 70835
88320 90342
21071 94468
34250 73443
27017 64109
41717 79153
58710 85166
80823 94869
25053 57214
45021 60087
40062 99895
45717 88013
70106 88019
24574 38756
65808 73122
23351 27825
7860 30873
83619 99765
74211 91495
21744 88011
75781 82698
52071 74631
30934 39272
16352 39630
24485 92543
16400 73141
61418 89966
93406 96270
87127 93543
17892 28716
43974 79840
47744 67037
75071 79350
41702 94022
48512 57769
43889 67037
85435 96584
53048 67691
30882 64209
7797 40576
9614 23344
1020 77751
34373 66844
36405 63491
134 75375
69990 72632
79441 84653
61815 62768
44599 57502
60119 85364
74519 80091
56616 83445
28381 47616
55557 62355
16003 45480
52907 91719
86062 93457
32010 56508
48041 86068
23950 65325
24449 65909
7654 98949
8343 45717
49974 66068
91062 99744
22471 45586
30443 87815
78107 85247
6842 18783
16893 96283
67659 73321
9528 72765
18125 78786
50760 78861
17460 75260
5861 93270
82231 89820
93940 95871
76311 78051
24937 62993
97959 98762
76526 81387
33875 94332
86702 87713
56643 94648
60689 81297
44157 64503
84322 95428
95782 99576
29404 90980
4749 72384
83318 88259
72910 99393
6590 73415
84037 90534
10366 82108
61354 95571
52467 77915
43074 96397
31029 70157
9380 98633
99313 99788
62733 77592
99250 99658
65394 95963
48836 91260
34330 66330
38854 94085
86110 93282
98545 99652
7051 53558
19023 72578
62773 91899
43409 50192
39197 50289
47081 61475
59381 71767
54439 84086
59334 99581
95655 96610
256 72870
92940 96946
9712 84794
69528 74476
87005 91936
65142 94104
31562 95467
74774 93045
14952 25005
69344 79218
26483 33059
24871 57074
29404 94241
99506 99983
67099 76767
87228 98072
99861 99928
34980 94486
32527 76677
11158 80803
64023 80002
61128 76415
59436 72529
28443 68592
63673 65575
73782 77553
59044 59603
19358 33600
7540 37989
23517 72145
55280 71840
92939 96144
29563 96075
79888 86866
46621 69284
21127 95540
19070 37752
10852 11828
13468 45984
42565 79648
36109 54202
99769 99769
33733 43838
83993 99105
11929 69405
63188 79371
97149 97273
92028 97275
94006 94077
49360 74153
55472 88378
22902 46040
93765 96608
6689 36438
17671 94862
2493 21134
9432 51273
61990 99093
60605 79998
61432 83001
71042 99945
869 15025
98810 99354
33663 79575
85474 92890
321 77192
23825 83440
56938 71692
2718 46396
51294 53485
34152 58539
32010 40789
79997 87196
61376 96570
24470 73063
54236 76253
98862 99356
6548 36304
38307 38778
89332 90807
13193 17399
68124 77750
78400 96859
29916 72748
10067 24388
16293 80311
46072 77930
807 19157
1961 81290
96315 99255
5642 47756
45121 80133
33174 54189
69698 96951
97688 99307
26402 82838
21683 36398
46759 89798
81168 81466
18007 27374
89504 98069
77140 99208
7053 43322
2826 32024
23067 33764
876 27008
32795 89968
84500 95138
55079 82582
70249 96404
44875 81432
36435 95904
92711 99266
82422 94891
43316 58825
5648 60012
24733 55203
19146 55490
93939 97124
24935 31494
16328 65833
40628 88752
72944 99977
65030 79185
51881 52397
35140 99302
72089 75669
73318 87876
98888 99248
18516 29267
67673 91390
88733 91418
83455 83918
10737 57289
48306 98393
59438 61785
16669 51372
9244 99697
30698 77090
51768 55713
55580 79532
50810 62057
24632 44595
28115 64702
76466 87328
43828 92027
5866 49574
42717 76056
31729 96800
87545 97555
31960 94453
99326 99388
79672 94422
50198 99074
12390 34856
69741 95032
45450 47277
28755 38016
68167 80303
75166 75908
1015 3941
45122 56238
6022 20057
60146 64144
10247 61880
86653 95759
72329 83812
68699 91944
35793 96943
56167 65418
74366 84660
9688 48346
74706 87371
12214 14266
8589 28312
52086 90562
44182 73173
55647 63742
30904 87045
15036 42503
43672 75874
81962 85255
58985 87208
41368 86020
72913 83523
22873 53735
94144 94825
91376 95451
45332 93322
60996 69982
96237 97329
42394 55571
47211 89556
93824 97798
21000 60068
79986 96697
53105 93847
5433 97907
44978 50112
55068 68648