78166        35691
32141        6978
19861        20836
98215        62761
15056        51091
93828        58021
3513        22043
33188        86800
38325        92896
66177        59596
40224        87362
97873        61179
91963        2434
56174        18345
3904        88596
18105        82719
24675        95838
73483        22247
47174        76571
27082        26677
92557        88785
27830        90585
72272        12451
96893        22059
32514        63508
27540        85935
54131        94602
80806        60866
55868        57638
19557        31998
24931        20957
25254        76650
31313        50568
73321        6520
61259        34883
67239        36933
37992        6867
24049        4117
33794        59458
73476        62427
36534        29170
84745        17552
45914        93571
86459        96853
80485        95345
19583        82043
47930        52308
55988        86093
36252        74430
36800        94423
43556        89631
78332        69291
21458        81805
67170        7038
80481        49903
30575        56739
8539        89248
91130        26064
5429        31316
2293        71440
86243        32627
60705        29059
42920        90586
23036        93202
59504        62122
12777        97892
23417        84528
42865        16485
25783        50405
93330        33121
77949        92590
48837        66042
10084        54408
52946        26445
23252        7096
67652        71644
51593        98870
25249        66642
40254        60919
14250        18793
64704        10347
16797        85483
40644        64495
54326        66604
30782        95112
88256        87028
26700        97699
29612        17060
20691        40837
6001        65582
9856        83244
62272        11114
74388        80162
84295        84649
85521        91902
57066        54617
71647        60286
52520        73661
9096        11320
35668        18522
54818        48561
28149        23723
46689        38567
83752        73368
40448        33587
81685        27754
32481        41585
73543        3585
21551        30844
67125        14356
74770        86022
47367        64531
86192        15489
3658        92673
36456        38965
16155        88438
18025        31345
61859        96505
60355        88548
56071        30579
12605        6322
23030        65838
945        22816
83070        48260
67527        7584
40525        88735
78547        41909
90146        71481
42895        84921
35676        80966
40020        37576
34832        39699
68610        70556
32224        65972
65960        92226
53965        55504
90433        34657
64480        27107
35187        1933
7469        95717
96424        58125
18095        29112
33527        55046
73419        17129
62781        38418
98099        81969
49164        8530
87111        28601
40838        10983
1694        4465
82942        60662
86330        5866
7985        84877
22840        76368
77505        40296
38638        59672
93693        46840
69180        94347
36981        13223
87253        66370
37842        515
6416        52497
6842        68388
80994        50278
36431        33999
30196        27411
28558        26621
82519        49082
13629        93141
28055        73209
4802        93726
95628        76950
91027        40255
75868        7171
88725        24795
11788        51523
16702        65130
54938        28174
10614        40331
93485        9202
54762        19747
16644        96792
43938        83941
23933        72519
71147        7067
17400        8292
65954        53323
40625        57865
65315        10104
76106        69005
97420        19465
47975        80577
17478        66026
32610        1619
12325        4302
61385        6671
9065        75901
70046        58674
17462        53946
49475        41066
33027        78252
42721        2728
96580        62706
74121        82121
86986        32511
55522        26153
7282        61177
36096        85004
89362        69022
94765        34816
32969        62027
97584        10241
84771        51720
76761        83553
5093        93218
77599        52190
75949        30197
8318        50739
97265        62599
36528        29575
81801        26248
64659        95648
79460        65961
73922        55450
6217        2204
33559        66797
39883        21216
80565        42339
52035        75675
12785        83202
74446        78145
88244        54425
72113        5664
56129        61886
32806        57214
64826        45775
59456        62514
93149        92092
9051        16197
72751        86730
31880        53693
66608        8095
21016        97076
41119        49644
88278        7148
57414        24179
48831        22987
40365        24535
78037        3166
8244        80520
37333        90000
55152        58803
97537        58844
31307        59539
37134        79525
79138        36120
24110        29218
31119        89610
67234        66732
10881        86115
19271        33852
84934        45781
58883        94788
56334        38338
9756        58774
10086        77867
74441        47843
71348        9005
96343        11682
65245        31364
19401        13617
62804        15657
21554        54222
28794        61644
64169        2830
52633        95789
1167        27941
54958        63309
82063        3407
3752        70496
6110        63175
26989        33877
49265        58178
55403        2357
13346        13504
14440        85887
78569        26601
93665        44737
69004        29411
86057        59561
21474        53462
91954        30863
84000        65277
56947        75711
25231        18585
79533        42510
18706        78030
32986        89803
36414        85791
3473        3136
69267        96037
59829        15912
13685        45050
13351        83018
27405        48881
38537        34989
52221        10026
98844        91200
84465        27844
7515        18261
71494        34907
53268        12182
12777        46587
97296        210
22852        69468
72688        46429
96579        54653
47521        6798
44909        60456
88169        83458
83322        67252
44057        14028
97790        89842
49581        2705
68968        37186
65960        11353
86940        27296
56178        79982
97139        83161
20728        60457
69686        93815
23236        38896
94975        93155
50562        53413
85101        75700
66215        90544
54551        91686
93823        88326
69492        91218
53402        16746
29759        45157
56648        15382
30256        5240
14072        5555
62461        38248
10611        50666
79573        75866
94621        69880
42040        55211
28745        19891
20101        9474
57523        71595
63881        39049
18385        87155
86611        67394
29998        66320
58471        76306
17414        42630
92253        10099
20899        39484
20583        80024
36787        51290
3550        76546
36532        68574
44829        63889
79687        76317
27413        3330
94128        90390
91512        90097
32562        8991
43721        52804
11834        90805
43236        85447
75983        20412
85521        5568
90505        58432
88369        53082
83795        47726
51853        71657
43696        92155
87203        10641
37646        57516
63846        41012
40321        55046
43502        17593
26354        97831
25604        9746
46905        2062
70314        70243
68248        58440
25740        31282
85122        14035
83999        94654
43528        26637
5047        72110
14625        54686
39227        23957
29445        8957
12428        84407
90381        67213
1681        13849
85292        28877
55910        43043
30431        44873
23011        44434
61311        11492
38592        75347
41889        10919
96754        33933
22423        37153
25146        11161
78866        28958
98040        83449
16713        63802
7195        8354
40609        36323
96814        25266
9714        15222
74564        21725
37430        8634
17031        52552
34731        95828
48942        37089
7514        58177
24844        36735
51231        3856
58677        58369
17125        51520
61156        88521
18723        68770
3725        73775
63910        52242
28968        8714
94812        40650
41389        67885
32684        11539
91113        51419
50709        25549
28670        50175
19382        73580
48188        87939
46515        45873
67670        48064
1517        43204
29582        9437
97856        34714
27456        19742
73081        79347
44414        67231
44274        37038
16097        7366
69263        10543
11878        59840
49579        42169
85320        40347
88456        23508
61951        95098
14151        39248
54071        6365
67827        59932
11293        83361
94765        78163
48971        59337
52467        78844
92648        64611
61990        18709
7727        39348
97202        53598
37401        52206
9569        67778
17296        90570
59432        21830
74641        75504
54415        19659
89374        51630
38840        16839
11335        29788
18671        91565
23609        96666
73965        22788
3272        21337
85418        60500
35760        70548
13326        98331
39197        76173
36109        87791
39764        98565
49209        97826
75324        34201
56240        82136
26117        93682
65975        64907
83547        86707
83702        45501
47996        74871
6155        82988
42723        70721
1907        29990
43541        97333
72683        43611
10715        63043
39401        75010
17754        19509
27224        62573
83425        42780
49155        1825
84001        8809
3219        84015
89996        10211
79737        84083
77120        53682
36351        36461
98002        65994
67721        39014
63644        8684
38035        23547
35122        8002
14151        85792
53933        61878
43918        43736
87189        83006
8401        53360
13470        50883
38944        65759
70146        90033
43365        30208
84376        38341
10542        15986
16441        43147
30644        50995
54836        62506
51297        92505
23746        35937
39470        35631
64966        9129
86125        982
18648        85136
62123        68764
73449        33030
81711        6482
92351        35537
22357        72445
74595        82730
83696        41502
37029        44475
93333        49854
22071        27871
9584        57678
81491        59026
65602        21540
37859        49309
22643        45545
1048        22272
720        1883
18516        95998
7254        34737
96706        62189
10955        2048
83024        64812
97941        15952
81947        28220
58826        38908
25828        27828
4156        29139
91602        12895
75235        71441
72786        14765
96354        38504
35475        391
52703        66595
1273        28607
78811        70839
89249        37319
81151        75268
31782        55672
40141        62967
19921        18304
83499        59746
81582        8984
66086        42196
49080        56006
82516        25695
97520        59514
82756        4581
53339        84153
37261        25336
3277        8501
98639        9984
94407        50888
9676        5396
90519        72754
5457        20690
1408        87582
23093        24740
60754        30119
18583        14740
38832        24383
32713        93223
78260        27216
12412        75591
58678        3492
88003        37175
86513        5474
79571        75966
60073        18075
11364        52148
59663        17653
97006        23698
69819        61405
94410        16783
61178        94434
30753        51028
9622        1882
36865        23439
29347        47397
765        86354
92615        66538
71614        55738
82683        62478
62196        62328
28058        84124
36953        36166
45306        93000
84939        33668
76923        77678
84032        10864
59067        51641
10736        21124
97099        77781
18006        21368
52609        43981
47735        71367
54731        25836
72559        49217
34503        24281
86363        66846
65908        38261
11270        5615
57945        86005
28273        55639
4025        25338
69689        56767
16007        75419
57139        45358
62293        69188
71202        92241
3299        7755
54682        70137
70665        26958
61959        90776
35135        17100
62050        84954
42723        87926
90182        53760
32902        41595
12702        74611
43480        78798
5975        18632
18254        47436
3070        5498
11717        8103
94211        21606
70380        93379
49670        91252
27972        5444
48860        79143
97638        42817
92411        11277
710        33551
23193        16226
10295        59117
1719        67399
54374        1939
20303        20564
38394        55431
18481        70791
70790        5394
48692        82255
35918        14489
54652        90840
30901        33109
96189        89267
39096        65871
15924        11971
96810        55600
40120        52705
60370        54975
64041        80955
92260        42131
84461        26933
44082        62263
68872        46543
55459        94834
89068        96478
39583        89738
22569        60459
88872        53120
89039        15739
9991        5438
87831        8480
43430        91118
84765        43845
23529        94161
3643        15198
23661        73823
84345        58509
73546        60801
76385        1018
91307        45730
42686        9756
74679        78378
5996        73380
56022        46294
16587        50080
32662        63474
43563        86475
28350        37149
41723        626
87909        94695
32277        58625
358        20295
32624        76189
28584        27815
22924        54265
25789        53496
66806        54765
81192        34680
62767        26683
31547        16083
98326        14732
18098        67898
10599        52952
79963        29639
67567        97495
44686        43039
16545        89296
91636        74583
46748        18132
31611        7553
32238        89833
35998        34881
64964        6887
44717        46402
78486        48275
17645        67928
97107        85064
34799        50354
54901        44483
25171        61848
21971        28808
29079        37421
39509        84509
46196        55258
43868        73679
93865        37274
87822        41418
16920        73761
98796        85268
82295        90936
63613        87276
30309        62663
25296        87267
32733        20438
79959        48854
45181        58461
86810        98869
87329        84134
93548        72167
71872        5943
23455        18047
47714        25606
79972        36871
83291        80355
11759        5178
25220        27232
89415        41861
61595        12399
50989        17218
46561        1329
62522        87953
4819        89417
78165        91785
92083        17344
36689        75550
56773        14805
36237        95129
18711        79325
3251        28784
92926        51562
74039        95507
15912        82997
58412        80440
426        80097
87744        76020
5516        25919
35426        36491
35836        25052
62202        53514
47764        43079
67385        41142
3994        19782
92368        62227
2799        48520
39861        92150
10999        92805
16725        25391
66207        79880
96609        40827
54482        94998
29677        80183
7057        35561
70403        22390
8559        45560
7943        37996
22351        47455
8081        36620
94787        62838
83076        26170
86456        25797
8235        42581
62960        11673
58324        80170
77679        8301
32200        73327
50293        52339
47535        79465
63520        54934
80357        90571
39723        19801
50188        66376
45602        7369
57965        1268
41738        50455
53104        7665
93194        29678
38519        86418
25822        72202
6382        8240
75132        37244
37411        9474
31160        85987
93993        33785
8056        40885
39042        7130
88313        50735
6481        45832
29512        47755
6684        63074
15268        10503
21961        9729
38630        3014
6949        93891
20404        7793
47464        41839
31825        10309
54493        92950
78451        16251
47944        33383
56425        69378
91348        56630
32558        13451
37072        27338
3767        52587
32640        49821
12822        16317
37477        2029
21234        75480
40560        41631
69242        84156
33397        2736
57147        92059
5394        53625
69864        31031
88609        9575
80669        78120
26786        30022
28999        7614
96513        71450
46921        3604
62651        45231
60536        11071
72719        83074
81117        89074
55434        10410
67803        92907
38797        81622
56912        25384
87198        48382
55193        19584
14459        98705
31658        20981
80584        51446
88037        47438
67105        72035
49530        55217
3706        61176
68241        58207
67558        81702
39151        72214
18004        67153
20284        81573
22702        63344
79010        61618
95574        39201
43907        69523
68686        73814
83731        15603
63834        96774
66932        87665
76631        51511
84879        75422
87741        46589
68263        82777
38775        77892
29000        97602
20039        26068
23771        57298
2634        45876
63633        54507
54836        92086
80135        15742
23172        48812
85274        63719
38604        31211
94245        78490
45148        72832
92160        10729
6248        6278
44294        82031
13882        59954
25033        59816
20744        19454
91741        86444
16323        52442
62710        763
25363        86049
16071        16679
6752        53225
4996        98140
88161        80886
4814        77416
75368        68432
44905        26505
80529        4622
16536        73533
86145        40162
85226        10314
98757        43785
20410        32993
84374        55156
95914        9070
33560        49280
75711        5513
54716        85053
24830        55763
98184        3352
41477        4013
93503        91818
36338        25889
85512        54375
22398        9193
65434        1726
47231        85382
49782        70402
64604        29800
75255        61762
70366        49958
57265        25288
74338        34646
85872        40397
60388        37639
89009        83784
68749        49509
85768        60735
88583        91004
67414        76227
83294        20809
17336        73506
72925        98277
31229        44643
76783        98688
42790        3548
3128        48843
95363        98039
4671        46576
84183        77935
91128        50436
66316        65371
39312        48751
20229        51526
65421        93666
34549        80362
24445        92745
98017        30990
29872        54514
7797        11574
12940        38062
41639        52020
69676        41296
75448        42296
