56036 533541
19402 538888
918134 995184
734137 803513
300611 918730
778060 887205
382529 588308
502202 639008
528720 764084
151008 928299
689272 982652
47 993111
465906 916697
682540 906867
88034 868764
348441 996961
15906 127411
850847 937875
560525 710904
324736 693562
711499 742448
174208 797508
779265 894902
828624 879875
274203 976884
320215 823400
784238 987857
474413 959419
694747 900498
444332 674302
771686 971075
43962 113267
615315 759368
68323 536979
485965 849836
891561 918780
775713 849975
547136 705886
214584 442059
907320 935335
391936 960651
238953 468354
736148 918467
626031 681335
100544 436724
558801 625905
99077 594061
219261 588483
685197 748501
950276 993343
507869 960422
277478 445499
342090 508015
663169 742562
718730 867987
584270 769308
961684 979214
422697 961290
424722 862072
561150 964657
505615 555889
144206 583059
861589 975317
685259 914874
233087 758621
664171 912623
948304 986041
848488 878979
363969 818512
565058 592701
580871 677814
214808 999235
104514 117607
798007 948381
191115 627513
813280 975560
955767 977552
91846 399516
566411 582745
69332 430129
722768 790969
59145 831469
632502 849156
519193 938298
575343 931596
888290 961447
775488 854166
239729 709285
318956 850769
754136 846905
474594 910094
761710 820888
367793 588760
102899 154833
442298 840507
850600 916138
19824 392062
30539 54318
766524 817974
69724 549339
812169 888997
758954 888218
982755 990048
21196 134951
666043 725879
854067 888987
564559 933939
509544 675515
944470 972847
811756 980241
245445 331267
977974 989281
191810 193597
29334 941352
118293 205330
100483 755011
523995 574691
279854 614350
149653 780561
59396 994586
375940 457963
837585 904571
72771 483628
484001 947542
16771 858740
444905 497005
738021 783235
304427 510952
293329 915100
33039 863012
493732 830776
279985 595479
638042 694975
980523 995346
881451 983845
529794 651252
683100 895752
813251 988987
586653 627762
89959 310220
405746 664257
853699 892681
298743 390814
436600 778984
691469 972591
10058 255120
608597 622997
895644 995808
33247 645891
896178 940243
884134 921316
152569 603549
179892 666977
546404 867076
734717 769600
775529 954771
966575 975156
311326 388798
338895 853702
912677 983235
158227 672523
264117 488026
817138 869997
158270 179116
909093 994159
410470 854485
412022 712342
692007 733635
935478 993090
436844 790536
118363 964744
792549 814773
85860 717644
405143 414606
621162 640623
678967 815857
763018 847492
877290 885228
141753 959647
477079 888104
628449 918274
351606 572957
998466 999872
680345 750971
747792 818280
219474 476146
686942 866221
821256 990553
544135 711854
211781 646040
556909 635099
595679 865026
206158 902183
888658 914108
656000 906653
866544 936351
577975 678233
727659 990887
103598 393945
658403 988764
787222 937061
419604 944955
415372 512644
181683 948971
679469 865921
762061 910314
551260 610512
392493 942974
585381 674361
166552 922692
737054 843303
931230 958852
483497 973917
960564 965099
633795 714594
348930 527863
736170 895725
207885 884595
165452 411875
715566 857215
507333 590648
483728 907022
250568 561552
289383 924467
69564 991125
881982 973497
387793 392128
466521 637087
345114 738774
453342 532102
872701 910487
233615 369578
608335 979511
922626 966884
292958 453183
196283 692333
159643 186995
42056 561753
362564 554973
299127 953759
533308 626690
775373 981987
360711 771285
350316 681170
242057 449125
261844 730073
372989 883487
876787 937231
597759 997354
233230 852541
731090 821089
543986 950319
298933 876945
771014 812141
592886 887721
6654 684301
942414 974067
350533 428049
758330 987132
96342 872269
513245 824305
314937 764147
594437 727944
22426 772776
827690 855533
467248 657916
169517 295859
983908 985424
868100 875997
881256 997600
426863 594675
729166 859981
774932 815298
720653 840383
793657 896613
26537 706995
860972 969761
503613 921947
248097 952372
873675 899686
722081 901562
804012 962629
748409 909163
920314 954431
436801 720486
849606 986148
31478 971094
214564 332426
647203 973121
800906 982449
133382 809035
725169 837315
446479 662444
293477 839137
686730 809370
839643 847800
632567 842556
569488 955176
555519 744851
996577 996977
471371 973907
11677 664245
648718 745574
4601 550452
417162 643363
839493 855578
53572 731042
506407 879771
445503 710793
209522 490988
595012 647608
863179 920061
597955 819639
415299 970581
896285 911516
2058 821922
973786 977975
224293 669839
756130 777284
725356 885181
398805 459006
276146 773797
851631 941186
270889 764139
818391 984818
830128 991823
291683 748781
915369 939867
838747 907522
305370 455599
888866 975211
808214 979665
93642 571096
911775 937365
76678 842305
668344 687656
709490 815119
559987 917067
19457 514353
363129 934949
325813 447051
984742 988599
658384 705292
382151 812493
152658 293343
525681 901881
99134 821945
874747 997867
267849 532324
837052 948798
952323 994765
889217 997069
423915 543197
612744 973049
208280 654813
15071 80305
355324 975733
494526 624662
163315 508175
956613 992234
311232 669662
892731 936299
723356 761756
712425 794298
221096 242789
51000 727380
817910 848473
184470 735595
788695 985389
736274 958085
102971 803019
799941 971302
322935 613858
607494 680560
846580 893281
441368 683498
55525 486089
391418 508365
931611 951497
140214 161700
793869 839687
610726 666259
833375 969344
85301 147433
278893 384259
546621 688851
855105 867969
82014 391163
492465 510547
237426 541913
168604 720485
348975 636956
337582 677315
568718 634282
374724 669425
162048 635829
758393 871599
366262 732636
635109 947567
56106 810478
623053 772485
698747 963703
258419 605763
551045 898809
804733 982986
779769 886227
749873 999461
405718 489739
517115 577036
151032 754678
222789 411605
652210 824599
412493 636370
143394 159662
375772 978327
939340 973822
251994 837759
817956 967294
522634 947624
882931 965916
615904 910192
576087 921218
76463 809252
590005 810315
377388 723557
923797 945263
625049 683480
754347 852789
853680 995244
930444 993978
398229 487334
787423 941069
610348 841591
39474 901101
154065 670554
768768 862570
608015 696579
60692 460939
145643 936733
304570 659857
233138 332846
454554 875391
796405 995465
221726 562089
436484 995255
963759 985443
734881 900452
497445 948971
822392 988621
89896 667951
401087 415135
645894 716079
942584 999837
323505 907887
71181 530882
736424 825293
824484 957099
511754 992660
786330 868695
56204 811675
796625 984005
412471 577540
798711 799270
558338 627400
382204 474622
782230 849112
751694 977908
18843 910381
763094 961337
883003 885739
294441 682524
411954 945843
808181 943280
454972 630077
557396 672740
998890 999593
917540 987370
509374 598154
575272 746837
524526 925064
961745 981487
572004 979577
375297 963506
13150 666988
234531 957844
243019 516982
669086 820849
969817 980496
924830 977663
188577 478638
411487 720746
636151 782105
863343 965014
387633 511165
638604 901688
236948 529461
649175 868236
725511 884010
956512 990390
530213 863905
687436 868885
443048 868123
24978 941732
910011 914834
627566 896020
928094 942612
954622 973480
231502 250411
954791 967185
583145 607190
71871 81542
322779 512554
454163 758063
667326 714577
319036 603258
404139 696357
288666 750904
16833 549753
752145 764094
719959 744646
99748 109766
853380 854506
206234 564337
352676 361999
128187 899155
226050 553748
958674 989421
634110 816401
870026 904209
141849 604061
361638 789853
582454 992856
401234 512786
996055 999524
659144 931818
268716 635072
895985 910289
145410 832150
796150 906018
888178 987034
763002 778819
234060 410127
9723 979770
802081 826897
553747 699485
214506 851306
587032 691510
9082 560377
440300 441477
721850 819499
430243 592826
779512 996372
446667 739547
242893 490749
653199 714561
81504 960061
101274 425788
432089 539076
299139 644997
362839 981784
674117 955122
968215 987231
308354 847588
296301 526894
352793 512519
449789 602007
411605 987004
262353 931112
13824 723152
150850 814414
335726 787831
335174 436262
629868 960728
668506 982929
806431 821818
876936 887098
317926 971788
68802 343650
129120 606177
888843 940686
66663 586839
584526 858787
935652 977604
83590 265965
883841 963935
321564 404348
67159 152259
906687 927333
279308 828424
655035 807575
556592 665545
315937 524326
786530 890878
268859 552859
404572 791591
603743 910447
258573 516114
137205 460948
796099 969546
846059 916620
59222 274421
969152 979176
284235 630817
629314 657909
951302 959538
196544 371587
854501 880773
110681 506092
862603 983752
487654 879704
114850 917492
878495 983253
389200 990371
903987 910505
283862 689570
433090 486527
755606 808163
245374 482385
162603 176938
282129 987362
583989 802221
382015 614968
689546 957077
56782 442928
670346 761446
895760 981172
349545 929088
770414 893113
744840 970959
477710 868704
989905 991276
457809 634288
678126 859064
821735 865845
700322 739202
963600 978420
169805 233931
953515 966485
492549 866276
250037 859367
559137 624440
336172 932885
553759 973770
29957 722317
788977 937492
568766 762761
942422 957665
579408 842661
689833 885730
36799 901435
451890 572404
930416 963938
817467 882629
350287 746725
958517 993735
243445 830421
149126 706957
717265 968885
887591 914338
500337 874791
514541 607659
918341 987025
594324 958236
211447 737291
460224 769119
560530 649402
293326 340671
647455 999114
141190 638636
711659 903542
373005 840891
62152 856976
531566 675306
823390 990901
393332 633236
510569 847529
325864 755623
430651 674194
217751 632933
994362 997461
923148 961387
98090 288267
235556 971242
927146 954796
143405 576694
616255 867368
113745 652899
878470 987673
410313 578683
102578 164238
797046 989998
110131 228930
162946 639747
213266 781798
993810 997463
521473 811710
949326 989696
503009 742406
482216 963260
742369 756714
541157 685628
357882 906212
20444 893809
30207 124403
995545 996174
730334 935941
908193 915244
39074 77247
715424 825918
42093 154077
952996 965041
786123 911839
646242 948113
327563 579721
443870 708479
921580 999446
573929 894343
201434 878364
984342 996079
620726 862497
457570 471358
702011 800781
69942 128952
274542 883239
994511 996001
31308 91637
466379 929935
943975 996385
930160 992383
769688 779777
155011 794268
812566 989982
207588 261728
78557 363129
376923 687532
501284 634514
880876 886746
653068 704548
748082 763195
180438 470922
47027 659636
954679 967528
843752 969581
393320 949188
805151 864105
651146 867288
328643 472807
226104 518563
753164 843645
830238 999882
342982 587910
905887 920866
353696 610042
618405 652550
725816 991576
662681 860495
264 65853
489438 976013
733005 976154
402701 465869
588262 658072
908191 909309
933178 936374
322030 359497
589471 640341
494001 704615
656671 758109
525401 647946
66547 834863
349949 754437
870047 929115
803770 850500
87278 543331
375656 390589
234181 610623
644633 712353
576307 579924
636819 721535
371767 747374
159706 630099
894823 937703
797039 909981
160116 918145
149066 209468
461680 779573
785825 823187
276308 817465
710504 746178
203029 439695
486120 679015
138103 622973
509770 534020
765878 855316
387418 569099
679297 995124
953667 994256
897937 956330
250962 260468
875533 948386
28729 36978
878111 918757
10872 892472
696525 987485
124969 767181
950167 962334
755205 758259
114965 501319
32713 161197
122654 138897
262846 955139
574710 881571
221101 425287
665746 800721
531164 842051
684693 842962
644623 817080
466956 572078
456678 600551
949153 989088
839807 852041
619694 692099
117509 307453
135997 248006
755312 791541
487922 992225
559763 853800
448307 504730
869502 986477
6415 488259
661515 732759
500747 979964
76069 356223
285568 609165
494722 964911
523934 896829
911890 967135
380584 405618
842528 926096
917989 954677
766013 938903
563853 938621
458462 548781
401646 895874
174966 738146
297889 335194
776783 996631
781507 826010
428664 812082
156792 590563
137703 639046
867814 890019
892813 943393
342647 382125
238925 456600
415114 712416
688547 816517
418569 972118
455783 766426
159213 308563
428063 941865
258512 953290
158516 759025
382646 788307
676240 883418
974657 996557
962652 994660
529184 704662
773431 974463
390619 663021
231326 765936
171310 902904
438115 799467
59113 596619
758598 766106
662038 801828
994611 999693
762640 805982
912460 971181
192283 524912
854112 893929
43743 634730
326943 915601
382646 828921
231135 964727
735336 838474
316974 388241
197722 340130
92027 185771
909122 926363
363505 778477
777205 948722
136365 199935
759357 952135
337595 767386
32750 540948
566304 994740
359596 508789
209457 718059
783654 986610
104294 855768
456067 766275
145182 622291
193065 852126
660818 806329
605051 937387
977828 980175
167468 815874
69300 996798
880190 888937
167508 884019
271271 491425
94127 368714
706966 744678
916124 933571
579220 710088
368462 453209
240857 335968
771110 897725
171909 916848
106046 633027
531676 660530
178597 624365
605081 884502
832019 934902
965388 995654
596351 808308
775542 810406
196353 805255
57798 501053
167485 450031
670860 763112
255891 805658
52063 554802
158609 802860
368680 579395
274448 695748
918220 953950
266529 432930
167193 331910
708598 711465
500853 591413
622155 713770
679245 879253
976586 985848
681716 995099
644554 900993
948689 951599
671788 879076
685112 944125
225912 820534
522758 769070
86669 801681
872049 873876
576548 836581
164952 646043
628053 700641
113946 567393
61440 492134
409173 944302
439238 582848
818936 952381
975877 987894
78123 384072
528044 723623
247295 426886
490534 600409
549574 996354
349502 853455
958264 978911
885297 955644
789955 800571
675996 982147
656203 810190
195619 556869
285708 371688
365079 942181
204572 989167
619939 779664
381752 443091
216670 788738
618143 838057
677838 866620
899003 937786
7806 461121
330486 762273
54212 878159
746567 820096
827062 842548
59506 448992
77596 337161
551882 617830
304341 562523
257821 418558
449280 727622
27063 770404
294449 976041
157805 528653
538563 735430
366299 517346
603590 877471
