1 1
1 1000000
999999 1
1 2
9999 10000
8888 8888
1000 999
2 1
493803 140378
445476 648172
410618 884919
930295 936928
269676 136492
555669 532040
281273 360393
894376 465463
908561 126309
601776 734279
932329 86356
969119 971339
759766 367302
763583 90531
654055 410522
232468 316905
56009 846827
804956 387709
801703 443477
207127 64018
878028 120409
978191 361283
446161 578410
156287 787246
508572 391448
857217 642950
207390 978571
975904 569722
116776 524041
693389 955399
174231 14422
803067 132811
733752 87600
279342 651818
902243 986571
398058 579833
763610 473829
957334 121434
810350 507267
949346 541579
472513 803443
850468 283553
368586 870857
338585 845238
280889 583036
82163 298207
360545 560645
561362 579124
234691 582522
550991 836645
399234 704256
425244 866240
656805 686973
236379 678946
483269 713372
508786 161287
704681 139822
266798 157587
442366 217450
132969 768094
105389 628929
995481 745493
174232 857896
286471 764910
902833 863599
518702 498276
60341 470843
556461 536325
654054 60324
233712 606027
427869 67684
867052 578833
406913 99724
338525 734764
972841 768194
540915 515394
318896 591980
57393 89106
802531 347958
225722 66769
141874 874788
322016 768686
382316 193973
952262 526756
695625 473485
637267 419059
745188 536957
957309 853919
154919 439885
382315 94487
817103 169985
276398 842874
636640 167022
471852 597805
889444 698025
667277 896595
504953 726289
226634 228156
65752 151927
4765 393588
659805 76278
245028 68686
666195 490692
543158 5133
997651 53970
571728 186949
460517 981529
827998 435628
52116 392325
294711 493869
222172 378585
483015 47125
634979 167225
479393 956457
213920 220495
366373 638697
691458 738335
564383 824931
315471 881276
651797 107131
887909 827437
425465 483490
36694 904532
324145 393161
11125 879223
363612 87703
446660 778767
59644 9172
395307 211989
548110 393110
922237 377987
113713 15233
31513 272918
638363 609137
141970 699377
711803 206864
940436 656661
960631 471444
224633 624195
149858 801287
798788 659316
433508 226155
337062 453048
654976 111691
242460 253090
789853 681780
952236 810740
167124 197288
675460 797217
341934 92690
437656 257175
311875 116166
469391 462016
129862 307613
547741 95255
357216 605408
905817 346690
39669 779185
804065 770580
442470 150169
807907 776164
765202 739795
612069 521432
998530 563569
635047 614036
861430 525977
93093 631848
984523 587747
630026 467019
652415 708359
687144 84010
113646 277586
497251 686672
348955 266888
117120 706890
862149 10165
253593 688240
253201 261750
740943 395916
796070 38158
716345 739566
301288 668433
863870 822817
959781 380475
389515 574902
791027 192861
64501 941405
703367 666383
935851 599684
559336 317348
303931 364759
648261 278584
271289 241968
36114 985424
795860 740981
841681 128171
878857 238812
638348 391094
197398 819191
887844 803313
92545 414123
131361 470637
796765 540067
843683 414580
67642 16887
285553 535010
481767 788571
797825 466680
8178 51107
676262 428345
285764 300423
684484 124318
189934 326623
495832 291108
863211 258123
726087 850254
4294 33369
990972 977881
657018 817428
297243 930316
152382 24107
622693 137531
647543 703358
919929 123340
685793 65153
770482 774125
934621 893055
161976 178335
383488 763370
856064 138931
702666 670315
957152 763988
72271 234504
824295 986529
421494 663312
677451 322820
840990 998238
178352 92259
65738 841955
320670 553420
602360 539627
325264 298613
777539 816000
531997 206002
354829 493254
54968 349090
459751 581352
692521 100144
763860 172253
649658 915122
262405 585059
598243 323675
411539 591072
924515 961572
692139 787317
635021 666001
665102 278863
939967 139133
223705 902800
280125 892237
891256 260396
565166 827716
726175 114006
461133 182460
422465 566355
990127 407340
203664 493580
362510 677969
456923 926441
623037 419776
568433 458685
85759 700378
171784 342072
823940 531338
298586 657645
255833 756555
139343 712413
846147 923340
236247 814006
377191 165390
597716 612259
779138 724809
823048 593183
551154 712329
533529 283948
888973 802865
212482 620045
672741 680689
356329 630356
611183 52212
509527 251287
788980 885252
388223 222920
79832 256217
523436 676086
86570 206359
494781 39271
464026 87574
82416 346939
314637 138526
647611 179522
315834 250268
571004 799932
482574 297212
770411 94189
613215 538614
323030 22383
404647 55372
490265 99665
217189 498860
794764 460025
227359 42527
359833 727765
294178 884145
885807 126676
36423 593136
69281 657926
78652 637958
113723 629888
580370 775866
99268 332221
512130 196369
785399 104488
276553 721593
145444 1451
755799 487000
718400 283637
904851 183344
553739 32153
827390 562687
424703 428759
886386 926593
443393 816731
881312 862700
109328 619562
939780 568308
340591 688842
287299 523837
454165 568453
799703 108994
742427 757488
363786 889965
876106 416968
114281 826415
450029 582731
520195 848671
394482 974588
401792 281118
220848 455150
719179 750540
604684 469637
308861 11012
386140 744734
81866 952504
267640 710230
603004 564372
239199 900354
398934 885142
112010 604624
557571 691234
433031 823806
361199 454048
361688 658233
432762 662184
39407 673832
440732 65966
9042 517025
223000 846781
810996 655517
928415 172407
624059 75998
320417 978248
745899 213979
71352 614588
318599 346594
949204 990048
154900 440301
85283 907558
915398 981756
221896 872485
542729 16560
172096 911647
665996 461120
738382 923851
692805 785684
551895 108679
17240 354259
496486 462933
531594 517604
492092 420598
992789 508782
631553 123760
234132 541846
847625 585133
182252 490707
919069 660804
185455 439218
439053 20759
218130 960494
991006 593762
473994 128212
134807 463409
207867 797316
600442 185982
296729 98927
580230 857934
49404 536147
53221 450959
152426 507569
914329 273243
156833 182840
915356 988206
518214 432155
737003 432564
782537 887051
259574 774544
666687 738252
257631 992734
442633 523626
726272 660534
631266 740956
807327 150304
701428 610169
359940 508778
83013 459571
44238 154340
551538 24432
836746 346298
809440 860007
363759 445473
803162 675831
490738 761379
64498 187123
596508 142637
175316 783599
288189 408857
370304 591677
649243 178741
436113 400773
662766 824957
841660 922634
607941 798125
35357 790881
670174 990333
429910 948068
825412 230277
804129 665941
417975 134223
745548 94050
288202 645951
185751 474802
313502 420039
392757 351950
642661 663722
835214 535676
93799 819691
98316 755926
323628 40560
318666 412080
207293 37757
207242 210964
645777 61057
429592 644564
22578 662171
212406 618849
284252 470913
452912 835453
400897 642240
303325 75331
116390 217008
752222 485771
36136 483110
117328 565401
222873 487007
693098 21646
9153 216289
660439 787644
459165 427882
919435 921354
304343 902410
502698 132884
549547 876288
104215 581921
312713 833155
31350 187462
922413 194119
817954 968521
836003 501121
855311 665628
884127 435698
237205 188864
231866 471268
482539 639916
526315 75615
181459 178205
446165 753164
681319 364690
422893 239817
2689 23438
900960 782914
380263 694806
503633 651794
49772 931903
462525 283863
370212 720427
645857 878557
289082 742128
321860 216362
110503 514772
910048 260927
136780 995092
440523 889785
440085 666465
303996 546551
62198 289388
569904 727030
590564 557010
165335 810840
944241 626803
214443 518520
803240 252318
601439 339994
13901 122698
821015 436815
639425 509743
142313 222515
971834 277044
369292 983367
890077 712793
576504 44974
699877 820164
371726 844839
217088 357918
30631 424957
231029 997013
346812 725032
469549 550117
407227 214370
813340 41919
615162 409835
646798 116172
670874 996066
917751 107800
938215 990448
903946 232094
944654 262906
434702 706708
566511 843138
435420 972728
393707 145967
72254 32660
193655 711908
792043 745450
261525 607133
716489 121958
373299 951791
769016 316816
240406 860037
837039 214597
252426 385265
522375 714735
65812 594862
353926 990101
359992 264968
634365 573403
223043 710283
959343 164862
486285 369714
21360 628804
816655 563506
967184 602962
874969 135186
381797 605056
362952 945038
332655 905788
600457 198153
30646 278179
626827 388654
291245 955048
70642 761081
84901 329207
135541 775700
248876 848403
1929 355206
222841 43918
187027 300716
330277 494204
833983 801592
254637 90900
938865 861516
199419 919880
195909 565774
394230 108916
619434 631778
26495 661246
247570 206261
423821 331686
709890 481033
97494 51226
818193 831618
499136 20335
554394 635964
233411 756032
125966 590505
50363 813907
350426 164293
267816 566531
663846 950557
769973 340617
886332 415234
989917 10898
74886 412559
755354 655013
250391 612906
882288 573368
668667 540955
613410 266360
264838 986677
382837 605700
330172 638638
202132 50588
615632 421233
121632 298664
511232 193953
248274 818524
69407 70969
322865 540335
590295 620678
17100 858253
141387 171448
372066 917436
963692 674333
192823 407217
728213 376161
657180 326781
736316 396918
801312 728649
862906 119988
672014 706140
850309 701851
747257 330767
913313 969555
349585 738434
906641 133585
207507 29633
932607 340248
487748 989584
997571 16495
938319 697262
956703 698694
904054 775624
808314 372858
484089 211392
127338 302124
659486 757268
606096 99235
799871 891894
573030 747947
481951 575396
428168 696531
241075 921731
544196 207026
249956 661252
298047 680096
6821 92080
15746 110391
609861 367192
897414 932896
528499 919917
87744 87713
429553 605607
308593 704369
95669 870533
482074 609497
893058 822494
12787 113063
645827 928853
284315 788706
802649 566540
867330 136
403075 655251
270446 122399
893088 398535
240641 72490
35512 947381
2465 507534
332233 167370
603287 797787
397011 424464
102838 404778
313402 671763
244556 506232
925297 924687
290815 446938
40471 729513
210044 217746
427080 722391
553347 462660
848523 127413
326731 352245
480592 220922
500917 41482
429626 3474
394471 891814
568307 259273
493792 519633
568315 720703
840939 286042
261541 452591
427654 873521
373302 691205
434655 921168
824968 880298
754241 883617
581954 285654
69529 830205
936520 630294
745197 921607
58136 645191
57758 510293
675766 488514
46720 712300
289518 455051
611922 491022
510489 523032
802253 117452
411705 23540
520314 87237
282353 897639
815382 25175
694726 57850
302733 543187
260905 844610
268628 804847
292364 835663
258537 469690
171396 957104
634645 652827
737299 886546
242577 979416
946145 945391
984354 243407
175761 529969
489989 270221
137477 457376
796483 917800
619165 348337
819766 877046
824539 990775
717119 318885
760182 351865
69805 633933
763497 702968
29120 567712
109074 444220
331140 905227
684064 656820
275795 916518
540116 612403
419599 951085
629082 789862
226840 526863
566089 170974
85250 634700
765242 311322
746894 308775
662436 524629
212411 661767
471023 734960
372339 466385
183656 372111
88722 229231
883487 479927
865915 655695
490731 579948
831814 374327
674465 333778
302243 948641
988056 994489
714276 180190
736402 376115
69397 393579
749063 708472
381243 210161
622513 906446
228394 812387
392522 844283
139824 1535
539940 686799
989878 892121
408122 741302
923982 100769
255842 217989
249889 492875
588959 763391
112235 266654
550164 200594
168154 222936
174047 163427
373410 364725
734692 825181
682389 85361
603456 231065
82402 90464
755968 588878
681690 290130
266955 245466
334755 94304
430092 588939
248511 812471
427163 397156
873860 980745
535116 338864
421545 385163
343716 10852
840916 304101
661901 867858
188211 125481
192638 998701
832592 144986
52822 831788
911809 603096
508800 845487
910318 490787
909999 310884
152193 180901
772326 88529
406796 625998
462329 660665
183913 242696
110032 195864
627096 102917
133262 7331
808638 750289
654794 61413
753255 439665
405231 96305
705539 31622
795518 876962
7543 468892
81737 179047
85166 212021
660555 224998
477669 4056
261016 473614
230954 582440
166876 111603
264399 14106
78066 322232
263984 946419
658732 908445
275352 364952
435829 207662
887405 339349
748919 75457
93969 320914
917735 697368
625467 662765
483640 243237
761360 539051
606411 587649
830401 147166
520732 42450
717324 858151
40503 416058
47223 716947
77966 378058
687699 386111
115003 235738
9594 380575
38380 306922
9562 314288
439744 491346
744950 941113
687211 41939
198472 403982
812997 869062
447928 925883
407162 857965
413116 133384
867162 334115
316843 696947
768490 604985
896604 934673
954523 919710
415555 2789
638443 32694
330754 616064
39696 60512
815597 555507
463114 829203
930378 134125
544322 647804
838679 880967
484363 699855
700432 363631
898872 419589
708951 924591
218728 407654
21968 869936
496023 754955
377262 779778
872731 363209
74951 559747
675764 155704
331235 71439
348539 318124
237035 358468
457162 470967
115039 730167
277793 791631
584933 939868
290996 743359
971912 850471
664566 951315
892611 462328
922057 223575
767350 64178
482014 282618
419179 706344
42933 814244
115720 928230
155857 144575
475911 739528
486610 8300
938482 526677
792230 782296
35256 668637
950247 265391
202232 189416
412440 372594
20266 691872
779322 989136
442158 156334
915754 648839
3361 974340
803617 729522
692224 304996
235641 513684
60957 318385
34610 933841
601421 582319
895969 79631
695088 550306
667409 337891
676877 427910
872160 137179
248861 230636
146294 419039
864595 645656
820060 35995
223113 923991
971920 569307
689563 693009
542445 4842
697941 902075
191752 84226
67322 134667
830461 617410
319469 62151
481674 763198
726177 555622
260492 28823
632183 71644
864089 601048
516584 552844
573595 358234
528925 145032
229412 313563
239862 457456
835343 566059
830679 985746
270613 380623
269103 428385
247321 69340
943283 659072
348667 503823
536130 182718
300795 945780
614432 584498
473675 372703
772804 228931
924379 933379
606286 381337
827718 503134
318088 812759
180923 679756
642157 991177
845262 948293
655373 259284
798623 878105
676606 851213
608555 261055
988992 43929
160584 132806
171947 834898
204695 341732
648408 295149
266585 825967
630733 549242
