1 10
100 200
201 210
900 1000
5 20
77 430
15 18
9 999
7 39
6 94
2 53
5 78
7 78
5 92
7 85
9 57
2 45
3 92
5 17
8 12
3 56
6 37
2 4
5 18
5 59
6 30
2 48
7 1
4 41
5 15
9 91
8 63
9 84
8 64
6 68
9 14
4 51
4 4
4 82
8 23
5 2
1 56
1 72
3 44
6 64
8 56
8 70
7 46
6 27
1 46
9 25
8 48
7 87
2 66
6 31
7 42
4 8
6 26
1 24
5 50
5 94
4 52
4 93
1 43
1 60
6 97
3 16
7 73
8 76
3 51
8 50
7 9
3 95
2 40
4 12
4 3
3 61
3 63
6 22
3 87
8 91
3 47
3 66
3 54
8 3
3 33
1 10
1 9
2 55
7 51
2 63
9 21
9 43
2 69
6 29
6 85
7 19
9 46
4 32
4 90
5 94
5 13
4 99
4 54
7 31
3 5
5 21
1 23
8 34
1 66
7 21
1 61
7 62
1 29
2 84
8 18
2 38
6 79
9 67
5 60
1 70
2 84
8 83
7 30
2 74
7 6
3 63
1 83
2 48
8 33
7 60
4 1
5 35
8 30
9 12
5 50
9 77
5 65
4 50
3 26
5 33
6 9
7 25
2 92
3 65
6 80
9 73
6 26
1 1
4 73
5 45
7 98
1 67
3 14
6 69
9 57
4 85
4 63
2 20
1 1
7 84
3 22
5 87
4 75
6 99
8 46
9 73
9 98
4 86
7 78
2 73
3 14
7 8
8 81
8 77
5 40
8 41
1 94
7 94
5 87
9 96
2 61
7 59
3 72
9 49
1 2
2 15
5 52
2 24
7 39
7 69
9 30
2 19
3 3
1 17
5 17
3 96
8 89
7 79
4 42
8 40
4 93
2 33
2 63
5 6
5 89
8 41
1 37
27 486
28 995
6 8951
43 2909
9 1350
48 9597
65 726
91 4250
21 2858
67 7594
93 5719
2 8923
69 3642
67 4002
83 1905
23 8571
43 8165
66 6635
4 5833
33 8851
67 2555
19 2828
24 135
20 8482
36 626
92 7158
1 6949
46 8404
78 458
11 5614
77 4031
60 3073
90 6008
37 3931
20 1722
6 6433
14 4531
96 7205
15 817
95 538
78 4977
31 3063
34 637
99 1469
18 1165
18 4551
30 2502
45 9162
3 8701
57 3279
43 1625
74 7480
68 3452
14 1439
28 3155
51 6595
79 2541
11 1194
50 7752
31 7355
28 8486
61 8853
74 2844
71 3592
79 6848
42 8661
26 1249
1 5098
87 3153
44 9785
69 9825
67 2540
39 3530
19 1698
79 3038
27 1244
76 7296
6 2261
41 9177
23 5875
41 9275
28 4588
23 7610
99 5884
65 2010
84 683
60 3875
65 4148
48 7780
63 1918
48 7241
90 9530
52 7757
96 240
45 5117
67 6568
60 5618
12 3853
98 55
46 2253
98 7692
90 4632
30 509
86 2056
25 1934
74 8403
2 144
30 4911
21 6613
85 12
4 571
79 7547
8 6008
38 6196
52 6325
10 3883
49 6203
63 7001
70 1270
4 422
55 4815
6 6671
43 9509
42 7749
93 7993
43 6828
82 3506
23 9667
31 3326
76 8296
13 5309
38 5459
44 6467
12 9040
92 9125
90 5368
8 8346
49 4759
40 3898
60 6123
51 9
54 9091
14 5082
35 9115
24 6420
89 68
44 6899
7 3211
96 7263
22 6721
42 271
20 1310
86 9140
24 9064
18 6456
42 487
22 5035
28 8158
55 792
70 1811
55 897
18 1876
57 1190
43 8950
67 7936
69 2558
18 2196
58 5205
37 4929
64 7528
8 6230
41 6544
49 4331
52 4695
97 9073
65 6652
65 65
60 6204
3 6320
84 4257
14 1530
72 8197
87 5577
23 660
93 4734
78 8833
8 5983
14 7401
12 1955
71 251
53 2899
99 8082
8 4955
83 6279
98 7615
1 6412
48 4665
5 8408
58 101
19 4770
31553 443607
13425 970804
95813 50770
77546 449573
46698 658287
45891 77839
68358 460751
48331 341057
98554 312233
98784 401791
15371 838197
68661 885634
50597 300370
70231 789809
67343 452013
82307 86311
57163 330696
74110 875463
19394 407817
69360 662396
733 190268
37516 810222
4281 600025
42315 236023
30729 220058
35809 849435
65219 873010
42619 5611
16619 826457
35330 556072
29437 900645
69282 560202
76304 665206
67042 903658
31633 35026
35508 238415
54508 61439
9339 252329
79729 33018
90478 30234
56935 894290
98095 817252
80197 618807
5989 528112
33564 876023
23492 749705
67348 997285
81139 743539
87313 817318
11596 98447
90982 578649
14507 294606
73268 330129
61661 632313
63690 60141
41318 205587
65301 654210
25577 724316
29490 346663
32077 792651
16764 262640
21830 91334
24731 420729
58338 235267
170 721791
15032 140388
87649 404296
68386 936818
77140 549737
63029 852688
79554 630152
91728 943794
95665 448872
92653 644513
9792 93780
42405 739772
88770 237558
85188 42591
14332 701270
27004 730653
94221 647048
70686 253754
16231 292840
7205 634009
82954 598991
13394 218368
12064 197539
16585 565717
15589 357776
47626 722221
18944 808285
65242 604744
45406 620905
43557 196256
59581 609206
56442 461748
11463 215290
17286 227849
48339 767079
77907 895330
13547 777101
49178 64697
56937 733846
80192 441850
30773 288756
56352 545786
22503 469868
84142 140612
73684 85181
78485 738758
29467 975142
72649 90315
32159 79853
26871 202329
30955 755467
39780 182879
53827 547593
42960 417132
70435 876983
10991 582454
95532 986544
19649 241576
52535 516432
22988 604459
84922 349045
95515 443589
44401 822653
28906 394206
3341 541450
95431 549320
97003 953680
48513 781323
72074 66731
16726 325297
86449 437136
6423 907577
45754 373752
10540 898902
83723 783678
58752 555804
20137 274580
12667 231056
7250 241169
10088 526356
42000 726237
10590 78837
33655 315844
22261 905456
76050 849887
48278 817413
17131 968558
20928 598579
59028 601792
64785 765796
52478 811178
15156 462579
64403 936187
26959 398939
99410 241985
44543 512589
12474 496901
19925 746077
94064 775979
71667 11894
16578 677867
53211 317541
62247 146058
63739 521143
37123 83350
64813 479455
92551 928940
49015 450218
62748 35673
24489 427647
22723 213141
55106 238491
79884 361739
9240 124270
42585 694581
60996 88618
85321 96282
62328 865206
81636 831152
43775 652356
34383 854575
78941 931051
65709 169286
762 472994
8465 763099
2950 35876
26804 93257
58869 517786
81826 58566
31609 892614
20037 109170
45345 230936
87544 289638
70320 656460
94034 859391
93460 726812
3 327501
2 903589
3 319532
2 546080
8 769917
5 883043
8 606808
6 161191
2 542221
5 570289
8 151084
2 596888
7 307376
5 45708
5 658924
7 94415
6 916502
3 374207
2 49275
4 974322
5 265312
2 177882
8 585256
7 847657
5 395504
9 351119
4 177710
6 429344
3 944363
4 673159
5 233360
5 575609
6 40163
7 392819
8 723774
4 13762
6 176471
7 862344
5 559108
3 916295
1 839091
1 394578
6 662994
6 321673
5 188123
6 597494
6 479566
6 723770
4 166285
2 855215
2 445441
7 631201
5 517254
1 504723
9 77874
6 895975
1 928354
9 618047
6 433364
1 958761
1 180210
4 100910
1 188852
7 947503
6 915505
5 187300
8 854868
5 257065
3 260474
6 737324
7 519004
2 66509
8 858090
3 84412
2 423060
1 536286
6 111206
8 997140
2 301104
3 963113
1 793530
6 954013
2 146275
7 842041
9 731346
5 592561
1 350338
6 929678
2 957610
3 488475
9 932374
1 402043
1 241630
2 684220
3 804963
1 772139
8 977076
1 917669
3 680904
6 399587
6 7911
9 528518
9 157805
7 471210
9 987985
1 266201
9 861197
4 96297
8 20776
5 5856
6 533259
4 294129
9 283029
9 124366
6 561999
1 550704
3 883736
7 603274
2 52953
8 534765
8 367699
6 941355
3 218167
8 109572
7 395233
2 722121
1 894653
6 833330
3 325382
9 798656
5 500134
3 342732
9 760877
8 847006
8 826303
1 5926
9 19158
3 490967
5 96097
2 533707
6 121716
2 461534
7 463026
9 644159
1 383384
5 92576
9 132942
2 410103
6 130024
5 183784
3 698321
6 858256
9 877650
2 186662
6 19123
1 515635
2 159006
5 462995
9 297768
8 735272
6 495089
1 982392
4 644751
8 95882
9 536151
9 798532
2 262555
8 198670
6 109258
6 723799
4 83932
2 768358
6 399376
2 354587
1 815202
7 202366
9 445964
8 886230
1 132335
1 220683
9 47876
1 529618
8 905197
3 548248
6 933948
1 693426
1 789696
4 579489
8 355064
5 981473
4 569378
2 678802
8 961244
5 791296
9 726454
8 476152
3 998293
6 549205
6 672720
9 623648
957 536
971 580
478 306
585 732
124 912
240 684
692 669
646 541
446 24
819 426
821 393
251 706
326 926
423 132
564 723
990 801
547 829
886 636
731 889
158 43
631 122
126 756
422 543
506 312
722 891
953 370
876 710
306 768
939 527
720 270
88 405
636 23
611 655
714 737
735 875
106 407
553 888
153 655
791 883
493 75
491 89
841 425
20 778
719 250
956 116
124 466
611 372
362 709
857 636
545 356
378 648
646 197
481 890
624 779
367 26
546 680
34 909
543 187
217 18
865 379
106 23
329 451
601 70
317 654
585 306
573 607
642 959
862 57
923 838
526 888
897 931
289 722
900 373
554 93
582 860
466 92
814 31
622 113
522 690
295 586
896 34
952 431
363 308
586 338
267 691
45 128
506 457
115 944
427 998
678 404
424 856
134 514
256 823
172 122
342 536
494 285
638 138
212 783
626 117
361 893
412 949
831 775
771 52
591 403
322 752
325 447
355 680
706 389
113 756
513 291
250 651
405 484
411 203
267 940
884 808
194 552
451 804
281 374
381 186
521 404
958 858
143 683
33 398
98 222
502 453
497 807
849 706
241 425
3 196
979 20
929 597
540 447
666 660
12 879
972 17
588 356
708 825
311 911
904 345
311 953
460 357
667 549
607 872
513 522
581 338
799 784
271 952
219 657
992 234
878 902
820 887
851 439
108 879
265 401
213 366
133 134
556 96
35 212
673 545
432 427
820 195
876 617
450 467
596 9
240 437
735 186
548 655
799 532
312 391
348 277
290 373
235 491
443 347
205 16
784 304
59 941
676 807
6 56
582 868
430 356
18 489
224 432
93 86
305 24
808 550
49 272
828 114
877 473
830 425
30 460
796 833
628 749
422 861
871 6
397 991
592 478
647 141
271 57
84 180
288 869
893 752
126 769
937 456
134 672
575 595
39 275
394 835
675 760
627 589
324 795
788 569
276 586
813 831
982 131
893 177
24 135
972 673
146 693
750 772
244 524
152 263
520 128
552 69
872 692
560 382
293 867
808 628
256 481
797 562
631 784
812 856
147 483
