93599 90395
80753 99186
75992 32168
3795 8309
71104 50542
24875 50438
14365 8108
14535 6535
45854 68037
48734 98642
25599 43745
28655 90866
3914 16718
82009 45128
24544 78813
82126 73857
49801 16317
80046 19908
65055 6977
39789 4374
51949 61366
6511 54400
86642 41841
87028 87202
71135 91571
27748 91373
29010 49647
40377 52484
97153 5367
87736 90884
92958 12834
24084 45918
45720 96466
93645 41946
98876 57763
50041 26269
37656 46957
6715 88184
87894 18379
1396 56597
64314 15110
62683 76025
27601 26542
61190 34211
90181 49959
78317 30741
33634 21734
82888 71214
44276 35513
90771 81906
41353 22466
58174 35290
31889 97219
47902 98914
75258 42650
6558 53943
73003 62099
51494 66982
41586 46961
19212 67498
64714 13756
43562 84185
31355 19314
30304 27872
46620 9962
39416 98137
82514 98465
73945 95277
87815 9423
25674 46586
14471 17971
76245 72909
29365 40583
707 9838
14955 67816
25358 57099
81940 75410
2834 65972
95645 23837
97205 45629
41316 43068
65719 75779
58648 50238
72106 49981
50705 82599
41393 87423
54440 9409
78099 69846
36865 87725
30647 2643
28468 27215
96972 37847
58788 61379
79951 92855
38392 48179
53138 40783
51939 31947
89383 60532
11858 37627
11461 25308
13183 54877
12749 30940
60669 41851
31918 72915
25633 36999
19896 6266
12252 1445
56006 31138
55826 2429
28232 12233
87778 23586
98198 61912
11601 87034
53870 6434
21677 38219
17961 21456
19515 85073
71560 75877
45580 40106
80825 20968
16548 4756
65062 12862
85427 91998
12991 48517
94032 87580
30488 87799
30249 43577
47792 46242
76592 86415
85929 18916
27285 1303
17573 13852
64018 48174
47031 56362
10165 24314
71882 25089
47578 19764
12578 68183
370 51038
46518 31290
47180 42294
61857 63406
32652 70683
1724 98707
34904 21428
8601 33914
61696 4774
2012 49920
51277 63600
12883 1599
1381 21259
55272 39641
82397 43671
43746 41022
91405 55997
88566 36639
5330 69510
38439 3612
69704 56025
83159 94995
3963 30261
77 92392
79220 75316
49352 59824
72960 672
92446 45255
90304 85868
4355 44454
92844 40350
98117 61554
40730 98094
72141 30726
23081 65550
53615 81515
25984 57784
5305 80019
6438 75520
80881 84666
93766 77461
53731 43670
25282 2215
79478 60238
28807 40777
84390 46710
51272 40133
28896 88350
94754 96301
94935 73552
73780 6322
36646 51945
69137 14154
75637 93088
63172 96582
5626 30102
6834 90688
16940 9794
62720 54180
1757 13617
83992 78493
1149 49676
58577 34505
5379 26239
10695 44086
14944 87086
6488 33722
68496 50097
74254 24553
59412 8375
33143 55875
3935 70227
60074 6983
56690 6607
35037 36320
41944 55377
80588 39882
86310 61960
69199 46882
8651 82155
78422 52527
88469 80991
34394 33122
49027 71367
31056 39899
34197 89883
81594 12566
5512 61864
81001 20003
13415 62730
50446 37245
69329 45198
36980 87284
42536 99094
51093 34632
1476 33039
68686 52612
93194 56445
26894 83721
8643 48742
96892 14997
22837 62874
45653 29880
89264 24279
90529 67181
61941 68572
92844 42775
68962 50694
39875 83693
22255 47132
75266 86449
67931 35853
12612 60482
87006 10564
48385 73311
55238 66184
46344 85045
64825 28653
63114 64968
28069 50448
34519 61207
88906 44467
45440 76166
34781 30063
24023 61041
11727 43656
50455 31314
50580 6380
93482 66490
49674 12367
47079 31821
82439 5544
97405 63860
50115 2945
15998 77071
70419 83746
88421 59338
73432 99283
90455 82078
85908 27806
73051 91561
91849 86413
63100 90483
35246 17816
93536 57755
83167 31059
53617 67893
71066 21464
26369 98812
58787 81144
90165 19065
2629 45327
63366 74594
57379 63370
27882 51258
3354 570
6556 24625
99983 5571
78767 30291
22020 19771
73883 69321
65115 7458
73447 84238
4453 97370
49477 96225
72158 32922
69990 30383
42804 90238
94417 1702
34455 52334
29872 67847
17328 15093
19995 20038
4613 63072
71270 65843
41004 13173
23675 61888
11550 48389
16233 2924
35287 18395
48146 9273
17261 30335
38999 59324
62045 54359
17847 76225
28780 82841
42877 76392
28023 29649
27648 18365
7380 72263
39265 66207
13036 41283
94569 60601
60116 48293
27295 76786
80840 54598
427 60648
97121 46906
82177 21910
56616 82530
98935 66759
45120 74181
4987 86551
8895 46628
81388 19649
44943 2759
57699 51078
70129 33102
65730 3559
95634 88845
41266 3301
96558 31316
99842 4937
71175 84765
12548 76318
22044 83579
19992 98716
77576 49922
77134 8367
92192 97999
98091 10493
66164 31596
65404 68073
34444 15640
42718 2523
8586 68761
96319 59374
22012 28795
9302 23998
51541 45747
61959 61238
58296 1337
78788 63736
33433 3428
31333 47786
31279 3923
41405 52817
54273 42292
11009 61023
784 69063
34589 47633
97891 6683
34795 39111
23562 55162
80787 40249
94174 60974
76435 77501
86167 32895
53109 52207
64424 8621
29470 99990
61697 77368
31419 53590
14007 5997
96655 92328
74587 68727
69932 65418
7068 89668
16756 94463
55387 98208
15474 57376
65810 78219
99184 98104
47019 99142
16016 57835
19759 61203
10184 5459
60728 22773
51775 76817
83510 62482
70446 12879
31916 13211
78945 79529
20388 94337
2290 37387
38171 72235
4947 81070
61169 72910
67630 56831
47557 41351
70550 74655
75607 5833
30481 79777
52770 29689
81624 48150
8662 80885
81552 82173
54302 71097
67565 70018
58321 11978
54604 92432
32142 51732
8057 47019
47999 74410
30980 91209
6888 88559
63235 26702
1863 3371
54801 14541
19695 3419
12506 3094
83552 17773
19119 89124
75611 66141
25103 17277
41503 59186
74104 1905
31384 92600
73170 83573
272 26632
18195 93910
82763 10695
68497 54742
99070 57279
75196 57379
92871 69669
79449 17480
38196 16183
91658 64412
89465 83687
4978 24751
3507 78224
60845 81901
63222 32456
49221 35867
18527 62554
24901 55257
67795 42168
763 67612
4696 66826
42485 59993
87170 78168
73807 46937
76240 842
36355 94707
99675 26634
67356 97200
39157 189
19072 60442
77040 2260
85032 78854
7888 38896
97264 48817
43375 19519
49993 28002
29883 81105
91263 87318
28867 10853
45482 38023
69372 87235
88600 8667
3427 70171
96299 88303
30094 6827
23628 34713
52523 31950
6805 79378
97143 37104
13818 44030
67845 87225
53477 86879
22103 48240
46351 52659
4353 63816
81059 60345
30372 70017
11721 79310
49545 82574
84486 52372
65913 78243
88307 31282
37412 71373
49134 91460
5012 23404
2117 84812
75454 41918
57672 36340
23346 16060
27935 36065
32399 42298
37937 71951
88021 43694
96783 71796
67787 14691
77876 23103
88701 94002
57378 45028
11570 94708
70598 30234
47421 35037
82232 25394
65214 99963
72192 12320
65658 87270
86261 63714
81031 3242
15460 66615
98727 97473
21556 89804
71204 3834
25061 3944
44126 2896
80280 86576
2988 58487
67401 60121
3620 47159
12610 55387
89604 52894
58558 4560
86725 57101
60611 12508
73917 34279
19631 54210
90501 67491
40481 5438
97288 61850
90573 87966
94768 16766
55829 80883
58260 84496
92770 8953
63384 77891
17775 42376
16726 95787
29880 43653
38856 74758
9852 82330
29841 12266
41486 66908
75176 11615
81619 35476
65474 20449
10438 13065
45562 11440
48826 65814
6344 6505
52164 30493
55074 21421
8458 49277
63392 55338
87788 36706
86373 88335
4736 40281
56568 31560
49288 46173
76874 47369
12627 80532
7379 72319
81528 60819
22077 72406
832 69514
47864 91698
97137 8412
71396 5934
1891 19379
48091 4459
98332 6590
3915 81199
34777 61721
95472 84866
83951 50189
3423 96479
82043 39636
39286 66388
73355 42929
54607 6452
18600 64935
18419 8666
47465 88443
42555 20171
61601 33654
61834 80259
5899 61854
16814 79183
39495 58795
3236 28485
35516 5306
36866 67855
17508 64807
77502 14993
23644 58323
86908 63958
2353 89338
19151 64259
67614 75672
88792 57784
78954 50774
6367 84171
83549 3750
4248 76410
7513 73450
3825 39628
44941 78084
44561 69546
41064 99132
733 35305
68701 34676
34259 44492
68475 70487
17655 21058
69812 41988
65819 94599
33845 95281
26513 29689
30803 82710
50595 37231
88805 22590
83332 14179
84592 65067
11163 2629
75949 26813
92258 84010
97484 74725
25525 37765
10430 69482
99478 55000
32817 99533
55882 42406
25089 89800
55411 15981
36183 44905
97474 68557
91328 90947
90143 96398
58256 26843
47500 6057
57954 9977
38014 39112
99264 78062
37313 93894
21819 61020
24451 97791
36302 1883
25920 87534
90841 33555
36391 90956
8554 6316
81178 46871
42843 12153
69661 56251
62770 33969
98816 63827
338 23704
36168 72725
57850 33338
28528 61355
58647 15818
99477 50480
78158 78781
54412 94004
93795 31515
9330 43287
11013 50174
62230 68716
39290 91278
24654 2700
99940 92113
55010 28876
39674 85334
98509 99473
37211 87886
29404 54224
68364 16868
71197 27405
2244 79528
90352 76712
64159 87022
75281 38637
62288 8211
39472 5229
75656 88721
92245 98338
40891 22476
71938 58180
48367 63241
32830 69272
73110 96406
63392 94814
62409 55862
77831 92431
22181 6471
55756 14419
14973 37897
32741 11757
26962 78347
98946 65814
46744 84796
91858 71769
18543 67394
4382 60734
74006 15090
52422 80778
87681 77173
87609 23505
97747 43820
91620 9750
48772 82975
97209 30936
62214 87254
81324 46819
17616 65353
20504 51041
4983 10493
52144 22086
77466 2949
60238 29148
30617 40371
60616 97570
71129 50155
36338 15501
65807 89459
31751 41347
25390 30453
95793 29910
13669 89078
58773 86070
6222 11702
84588 91961
57464 49108
48618 47397
70135 6871
28853 98383
95916 48960
96772 64550
60231 16056
97670 38475
73116 44787
92699 37194
10694 88673
88050 59589
31458 40821
17390 18884
12311 45364
62028 86741
46222 24049
59869 8255
79032 41662
6531 77485
37452 72238
78951 68877
69601 41505
61313 36588
74633 41424
37889 4762
75048 90502
23386 15676
45435 32135
88474 26489
77082 16727
25639 35466
4386 43580
64501 42498
45131 36974
86539 22359
88236 39303
61771 19874
42832 18805
28931 7576
44671 56635
94788 15279
62969 6993
614 88667
66847 7266
56376 26147
79499 63575
8521 2880
90678 70643
86010 55665
76448 97817
13892 21379
23288 31174
88965 57568
39428 18260
65708 84809
759 65870
86277 56679
43826 66979
77863 41314
45965 36005
1571 89586
27321 95522
52346 23353
22009 33763
25930 384
80759 6682
51952 38177
33249 94967
65435 60541
4333 92735
23033 46769
7046 97291
53851 53155
69875 86409
72708 69690
13786 13227
96711 38748
60178 65669
18024 20029
24484 88668
88013 21285
24850 94348
72035 3932
59017 62075
41608 51592
32247 49098
57174 29102
31170 99796
59962 61779
64877 99110
15423 24667
43039 60605
48031 28324
33954 1666
29611 55499
62399 50821
61749 34746
39034 18033
31465 15133
26830 89040
2249 33478
20441 36867
74387 11645
94529 5614
96251 5031
13247 17882
90885 9044
46827 3850
72634 89954
38565 97407
83182 73166
91291 19713
11677 45608
9052 52916
5310 85028
70467 47803
2536 31370
2665 15195
98612 98713
19489 90282
46880 3982
3518 96470
69990 69407
49556 39341
23287 38597
30144 739
39337 34153
34170 21973
77486 74910
66057 11533
31583 45133
47166 20024
24582 20808
38135 44779
52075 33070
41725 99985
21773 41747
17566 99326
65327 73078
5008 41638
24607 80899
7835 64330
20557 8376
4754 36395
41091 94561
29883 96017
33484 16355
15059 50463
82623 26012
29253 67896
95958 1246
6354 3029
75986 68028
60074 56348
80607 54691
15872 7089
87106 47490
71206 78831
20276 39316
57706 14988
91575 11565
55846 12100
48031 80377
97433 83175
42113 28350
52227 93757
49471 60025
70266 55505
8518 51690
35510 42714
18198 53409
55685 36626
66636 74661
30281 56665
14358 87733
22124 30384
50542 16219
25512 26688
76399 18306
85272 94433
15890 31538
95793 55397
28404 86697
55360 25267
66581 56967
18162 4702
83491 36248
76757 21566
44094 97559
5429 17540
25344 29974
83717 72881
47710 16096
6952 51823
22341 6944
60862 51641
50164 65649
31289 40676
91527 50624
28192 17256
2946 35415
89643 49132
3908 57655
76050 59241
20829 25004
22690 82004
24392 58421
62421 78250
62394 46147
87815 74693
3188 99997
31994 68748
23660 40715
54867 90019
62185 59555
39857 43592
49879 66967
13722 9883
26900 24412
90821 73573
13961 12121
556 25595
40265 78395
70188 83216
834 81894
97808 77733
87925 34624
49277 74198
63146 55654
94516 81432
38863 23046
47206 99485
87807 59919
82887 64913
21174 66604
58472 32876
52421 78003
13943 19939
12298 82157
86427 64134
87291 10509
95798 43610
79389 65736
