575389 3014
510535 544804
698981 819238
336155 376197
746830 212568
693586 908292
804582 171161
159242 102925
893430 571781
245637 198001
723200 687358
766641 266291
322401 365797
804125 444817
839679 30255
295796 77466
419468 725009
945974 522470
3274 138373
506015 491007
823417 70855
609795 371047
244564 880271
389906 777049
23631 385138
346725 874622
838968 639181
17069 432372
705688 312408
316085 199599
443828 30881
457047 430020
845817 669605
706418 377749
876735 262144
539989 606932
787349 694237
162867 332696
93040 198356
340068 777394
905257 449723
292080 612306
786897 12808
970768 600341
646384 642418
40630 915710
232470 355002
239064 457001
680750 623900
922199 84154
596259 920279
975677 142612
13453 830035
233212 884461
202493 140210
132538 130955
86483 313135
225920 770997
163550 635663
323049 312524
738608 181691
560189 927390
141750 895307
887578 706966
559131 472719
863284 54464
401915 869766
273143 872325
429636 782740
674219 504220
248358 391043
542406 197239
918167 987652
935916 956109
26839 34893
717323 256972
160693 984559
827543 852580
550328 906755
301890 150765
433580 592779
946188 633686
236860 102131
435847 497176
399355 177007
376640 605846
57816 49902
780353 347241
576937 675685
825365 699612
614127 566965
937567 174383
895131 911697
361324 896504
51770 43042
121657 756436
410719 392274
450846 285141
396723 404408
49680 798510
42714 999216
965741 478214
498749 429896
273238 182321
880872 907395
861332 416766
701580 596308
945883 765356
841038 228147
289170 509528
650700 8606
654185 50567
266015 294285
197632 935529
969686 774620
691718 665549
2110 80018
117953 664157
349134 824127
97060 633665
525206 982198
717461 657239
25049 324318
85509 753620
60193 614365
84514 492630
218992 552810
872165 644797
297469 387082
909621 663525
136132 507131
910131 398311
811219 957308
643621 952110
38444 146394
670444 535878
63799 91204
766426 511373
980450 27151
723754 108667
646660 925042
828681 976145
262642 768659
418045 514818
240915 398529
243319 990468
8561 439799
452162 267804
159830 956604
57035 692314
803066 371968
859325 583092
387978 171058
94725 708544
178511 839289
408435 166409
954855 771704
573118 94656
141326 253075
816757 604218
506590 772848
90728 377289
572481 222705
584901 775216
113255 634005
828087 565590
682614 351237
112890 475188
634755 139149
676284 871448
674009 948179
984360 485964
561512 779011
669628 109141
109133 317370
28263 155289
214000 482729
707512 819802
927108 566132
477963 820158
127731 962714
822044 656135
509031 63580
785594 39180
247873 571283
19579 33574
614999 310280
113575 936411
769241 137030
472104 386127
234742 213321
820721 471779
530062 40051
954828 496609
826085 199130
330180 915327
391440 221199
568310 552077
75905 59547
721520 730062
373594 927589
856004 597682
231200 707569
84551 821647
252447 902763
316210 304592
210643 887118
355356 586147
923339 140042
927916 215578
684063 922153
101192 180269
940019 422467
731098 779002
657937 59291
352697 356939
307683 299662
455053 350008
586143 735713
158017 119395
467827 706942
820957 271624
311637 109475
195091 681143
855013 474957
136798 22632
62415 408355
163811 269041
698826 466478
435196 5714
364797 869666
670316 624962
147359 72595
77459 195929
430319 772717
775943 572086
95151 809139
117032 754109
145210 543006
445130 338666
294406 636295
264681 822528
971155 400983
775013 111817
799920 337439
233756 178496
110542 689821
308263 935162
639559 885424
925784 208858
227059 973123
431906 291306
424308 679063
570574 832821
30018 423710
348362 706730
149288 894735
401174 245209
817305 927051
432552 995684
313824 614173
19198 486982
504926 316298
404257 93449
584458 290654
54201 784153
234880 630076
360004 769388
725553 80593
648553 455128
254076 659840
78897 626374
241877 934813
862927 359066
977929 897518
131375 338451
935219 470774
274696 881606
192643 74161
950969 852242
789569 689826
664093 128532
827294 943621
215672 408124
203837 748685
776981 650873
429068 857281
36388 156003
476490 215155
516211 305353
251257 732741
852519 68579
769462 405561
150222 900597
430921 489211
919729 122160
12024 393845
969310 825031
851707 390094
280195 742661
70449 259277
756128 403763
654969 173062
822905 530588
83118 604040
935993 806714
73674 102414
371242 718549
812370 528713
242670 532939
710010 492218
549042 920971
225715 124202
465898 302977
48827 724131
64303 205991
612055 752777
381207 985012
250687 224666
68352 151643
682287 548143
162242 333998
325159 36178
492107 78218
200718 155892
207907 112702
509952 979646
802503 799990
743565 745802
475460 467003
631622 901083
311776 356996
894190 9709
96579 291122
686758 440193
837586 37226
633769 203842
646542 790032
660195 545190
363564 744988
159258 491061
914383 425430
271140 644897
685909 243071
603100 704638
830078 772273
782728 573614
866829 394518
147592 700726
796369 612409
766371 154566
434576 660765
55304 660855
993674 331046
838690 372930
49475 784708
434289 596672
74681 461336
519935 284348
437677 322419
935385 124058
13614 303250
982905 511719
570780 523460
977163 687897
580384 111434
34431 199262
90259 651466
108133 80365
921849 290011
11614 810144
749921 28836
62951 373227
747025 246798
448491 197570
660998 42279
549287 371476
755964 480753
41153 439438
802483 714661
616225 571797
312769 491613
29318 519858
536007 680599
601600 750035
611556 85491
59200 317703
833418 864706
827490 50179
425763 485732
224811 229803
769233 353338
68326 932816
947327 862444
856923 595855
12171 756968
255870 70413
716450 37200
53322 795922
32931 581318
503550 963592
32228 245069
922936 568317
406480 531511
599532 579360
489924 705189
722051 718651
7592 193235
15854 238001
142866 679334
564722 970508
99899 589145
774016 760347
131633 608368
727188 806362
945971 699703
678717 581249
666134 601791
540362 746872
368958 89235
402448 78780
592626 501150
877656 301570
121859 693015
864036 410
330112 568637
785868 20860
337124 826144
397985 912838
500280 779370
80025 580091
163573 541072
571180 55676
727366 338493
79034 935044
459939 648296
644363 757739
470685 933890
98588 934853
4954 978718
580645 29042
47193 84167
681463 784307
368325 723911
596950 522872
127894 698433
868990 622435
83298 863497
717924 189628
355729 868653
390019 293153
458364 718173
352709 796043
377618 999855
184447 297343
417043 792819
386878 158922
836802 300238
937201 729459
39758 685333
792753 755346
831468 321693
434798 475776
916529 176129
42566 655232
678311 83286
424113 660499
204545 153361
475769 445387
973688 915950
826135 530720
645680 411054
573582 707362
2156 648857
260626 30794
260294 840398
725064 720899
503233 757007
595165 261154
523147 531589
649275 81552
290922 713839
100790 544442
939935 304534
667638 990809
621809 30173
164296 10722
22783 538501
644842 833971
291079 739350
186131 43776
458178 565023
366172 664963
418096 592492
539731 546770
169231 870649
833985 575780
679617 392341
177243 393272
332867 270081
394843 170800
908632 958558
148156 997577
508645 125144
379938 300430
113705 480725
818804 779524
192752 145675
374376 679515
120321 262813
640109 651229
867245 897040
296103 738364
109194 902651
602156 921159
911748 600341
19456 930580
367177 587065
170127 816318
80642 21329
293049 656759
979807 742890
536610 916470
587109 964638
99935 404814
224394 230379
339623 194896
208030 568197
464791 225242
912467 282439
86491 17166
757851 585138
482672 220204
139517 202761
40311 224260
617596 417515
364244 725879
286051 828676
421599 463875
561504 36308
506333 530792
754924 195194
650680 198403
222690 589825
360235 490533
484599 41173
473119 143326
463171 134768
391255 986576
497780 649395
810139 884117
611405 501163
384175 952317
117598 942419
709306 554701
960805 245139
310778 886908
955399 988381
536106 958215
287787 645005
559742 988124
625230 471957
569695 45390
649781 238940
93690 192970
586500 759326
940482 949000
514427 319830
341961 169906
239940 99770
962719 842334
752005 476326
270259 23389
453944 614175
302498 628105
897409 143327
278305 888385
699376 108838
960631 767511
658716 59215
513023 343354
249398 585426
642021 594704
468634 111648
791871 502167
265082 369402
791246 573191
835115 116203
580622 768461
272069 457038
422878 498371
311003 538966
484663 421079
59674 751478
858312 81536
650008 969051
641006 295330
480921 924896
698341 896794
57268 702434
660408 268105
902654 693315
27352 999319
816259 793515
478902 459002
153345 850609
196536 259476
195376 566073
767948 814844
371636 60919
593978 455703
933558 911532
88868 301924
994440 841929
218651 570350
407266 25870
498760 529558
274721 182215
748967 349991
519788 315346
901078 735314
710288 498429
950268 600719
590208 665214
26079 503826
248780 287602
331876 449095
105017 359179
41726 577844
697145 69218
834808 270497
338089 960461
647265 597342
98134 598756
730723 65460
891039 874652
342233 518606
196762 322812
430905 542888
450710 152068
885511 976176
167 659782
154844 37573
226294 359377
310296 831809
838997 553224
115819 47599
159568 270097
550666 888524
623193 111690
445108 628156
235162 532487
376318 801060
222187 709898
291963 48260
269147 155993
151907 840539
529552 548951
35185 219182
841071 536530
491941 748043
811046 564319
583320 567283
759680 609066
667673 769840
287290 303615
28412 924752
998506 616457
943717 612828
887725 406907
568159 337635
94024 63653
669155 813859
215278 41597
198951 495482
792342 371945
473127 348138
999418 749195
720684 911788
798320 482835
175133 954933
946217 614054
48395 7388
435230 633213
915092 803162
819210 937452
421895 18423
424177 128494
42361 104376
192152 991330
63679 13160
454541 99934
663626 868647
401081 805654
971848 716559
538167 223557
114286 922785
74469 813336
622278 464317
590094 7723
74151 729736
495102 633854
98197 587821
33222 479637
841121 867515
876665 267216
427304 729190
8509 825112
417527 515670
960498 519509
979724 422130
551359 217047
196141 880365
178168 590639
816134 44326
745814 868457
304287 568164
197403 881324
383819 567853
394140 995870
470000 50101
859576 254097
828749 35555
521670 618585
797051 845567
673082 529208
125419 927229
442015 19219
231914 416022
891291 754438
839658 259724
491403 383421
643702 106357
565225 414508
414860 75838
451155 568938
595798 600832
10374 48957
681022 128192
430263 535215
100160 681332
17818 507000
493366 320020
257728 462530
659250 158612
571439 364587
283407 608831
104876 543460
464261 139559
538210 488914
269744 130568
302663 119763
359375 759884
679706 161068
549938 845670
910923 104624
214298 396572
676788 616839
858165 463783
726616 650530
86669 983642
780817 256380
518511 957243
646656 271273
753352 926763
869311 712987
235463 870274
151136 505372
265228 630323
405113 504058
269641 142830
159019 215642
137152 156992
448500 240331
309727 148722
964753 350888
772439 110860
975957 791496
648933 593227
999141 720469
197411 48475
810746 207211
110384 424946
992030 85346
808721 320404
313718 718783
180099 525754
717593 779201
362185 533698
933795 405772
610129 252581
251040 750295
234016 336501
365719 596037
773840 389389
525388 836860
845358 459234
620580 618176
711295 395316
380684 913913
587264 469119
61657 268749
402462 981632
726905 423183
374092 918337
343137 419516
145035 60145
281991 707458
451071 408614
583142 790043
462260 481942
111883 988622
652917 537801
770250 246147
913038 745122
665579 681989
948875 515593
184882 24460
39426 320915
572232 445176
772194 514035
718266 858942
262596 844328
288384 550512
260739 374883
463472 245810
75683 797158
334928 273297
775865 71735
802978 168591
569964 876136
635863 132428
243364 907168
425028 420834
713261 40044
449714 257329
263439 723355
700441 911323
845574 111722
42534 597181
624677 334515
456966 446449
235302 985532
716452 856076
721895 687830
65852 683090
5421 157614
839432 374376
536727 840534
19254 907702
497889 903830
757264 764994
421373 655312
793648 220304
35000 955196
593161 620278
424732 977887
597395 981460
384298 304151
144526 152521
866148 541044
701227 829927
341416 101607
28304 716897
561954 202785
677580 243549
431941 689659
839136 836461
13002 466232
640276 203681
795924 831972
394947 718456
592548 585322
134563 394265
192138 734639
344232 600045
673895 36026
819769 495953
725955 762031
10484 187558
759197 129442
327400 377086
39968 568675
755007 37729
449269 843690
888401 163538
835053 247667
400393 359951
77389 878532
346057 849487
884762 303063
797649 301451
592482 841036
473493 790586
44351 966504
711337 870019
23479 836016
801130 470796
647145 463948
362534 570444
551225 958795
687837 108374
565602 251928
522034 748624
709855 153563
73966 429670
853453 798131
162677 39223
96832 726522
93981 702223
22220 642639
799229 443487
573426 986235
764290 986864
198833 915341
361947 161301
557851 944605
772987 384201
919353 10684
71670 460712
555698 748098
371158 27880
221646 570245
998153 537858
119119 470135
200522 472467
935530 359474
173280 500849
744288 825170
146876 345645
817226 172403
50320 618702
502618 162462
890709 856289
247081 207546
517109 208041
865061 912460
514069 53942
588904 986913
543248 171899
942899 427107
459265 919109
602089 407285
188471 237559
388875 35907
750936 741379
310511 981583
254256 767401
498034 254765
621184 624377
667703 915069
424524 159862
663062 59355
547436 821623
259404 317692
20081 826132
90434 897713
653603 110741
389893 781231
306599 977708
371579 826955
919848 115276
72409 214242
564344 982124
298301 662093
961959 290920
654722 823610
484367 179373
709232 766841
340157 408549
57341 327827
789453 55112
677926 727586
39920 907419
459445 722174
43230 258400
792245 551061
16200 166033
816866 828879
261175 608819
640291 628757
140745 875219
880926 762223
831346 77339
128283 386785
940840 693510
837288 504855
920423 391030
116664 656700
968767 61382
583970 956989
843051 984019
114242 931887
914407 172004
790982 228876
738001 767620
242278 105037
20981 766809
25629 431719
288273 85759