73 54
12 55
69 5
2 54
19 8
22 46
17 94
100 7
36 48
4 60
344 16
884 968
237 578
374 138
780 741
461 847
631 389
145 126
386 357
602 785
146 17
627 684
108 152
688 354
6 924
746 251
664 118
774 483
644 50
397 369
674 428
444 813
178 734
663 913
550 627
354 569
88 827
711 176
16 927
802 492
232 291
855 686
1 97
412 907
989 433
7 468
139 165
753 177
753 409
978 289
508 142
644 666
281 312
548 220
64 988
724 627
794 312
990 353
755 499
378 727
595 585
926 404
51 997
623 152
554 628
613 237
612 393
121 723
656 658
382 411
392 191
786 62
467 588
387 613
107 565
792 308
266 793
736 373
133 307
381 842
161 477
169 403
49 185
42 663
716 262
187 232
153 492
894 34
279 974
637 414
551 891
816 185
177 954
928 991
728 617
648 868
175 271
102 231
557 433
222 387
684 267
926 446
577 804
190 637
107 218
564 948
488 131
475 2
447 710
194 363
637 9716
2684 7236
6520 6176
7117 7315
4119 3372
8965 1672
3805 8098
4005 7822
368 3734
11 4833
4471 7363
8133 4092
601 1985
2977 3644
5290 4038
9583 2393
6368 7534
9522 2229
4048 9009
4019 5674
7957 6588
9897 2145
2756 9288
9086 2035
4185 1714
1045 1294
2826 2475
8664 6945
9258 2288
2584 4473
2928 7346
3785 3768
8111 7328
9019 3078
2438 8944
8217 3034
5614 8328
4274 1582
1714 9964
496 4723
8974 4247
7770 8304
5057 7700
6272 9438
8143 1896
7867 2923
5511 8899
7367 2220
885 8310
7009 8427
6258 7903
9148 6423
4149 8915
6029 9133
6835 8862
6050 2816
4907 1093
2143 5057
8792 3723
4323 2534
8022 4996
3254 3433
6128 4473
4209 2461
5323 9236
9433 4549
8676 6546
493 1244
1863 8275
2535 4807
3778 2600
2071 556
1753 396
497 6175
6226 7720
4106 9774
9013 6252
9450 6826
4203 7269
8304 1207
820 2841
2718 8493
3290 7705
2311 6329
7139 5207
6756 8884
843 5317
5142 2636
6339 7290
3227 1881
1139 6849
9077 3370
987 5841
6665 3260
108 869
7928 328
4853 7472
6219 4647
2674 8754
7297 380
9283 5627
3806 3108
2562 7842
3853 3445
9062 3368
650 8333
1252 1702
8338 2329
3463 5079
7316 5885
4173 2237
8050 1197
8862 2607
3015 3083
8660 5379
863 9123
897 7372
5024 7012
813 3611
1496 2794
4280 1227
5760 9448
9925 3223
4149 5949
312 883
7459 9113
9758 9168
459 2515
7512 5288
8793 8509
5243 3825
2361 9837
2062 4078
2323 652
3681 4214
7830 4560
3125 7895
14 1378
6811 4901
4501 9397
5455 1730
6096 6414
9746 5048
866 4528
4941 5952
7104 5605
4725 9597
4280 7181
1239 3250
5435 7135
5401 8993
2038 3914
927 6475
6610 6226
1955 8150
4140 2061
8651 9326
8687 8015
694 4829
7786 6152
2116 7233
1004 3851
2162 1169
3833 383
5494 121
9499 4850
6423 4999
3126 6732
8797 6801
6515 1728
3446 9277
366 9498
2803 7355
6012 2336
9555 4427
768 8
6852 7301
4050 2707
5354 6421
1153 8258
4864 2827
1693 8926
3784 544
10 8814
4578 6008
6760 1279
8310 7356
7738 5335
336 3617
9100 6670
4828 2923
5693 3832
96 2550
5054 2750
5045 2869
30 1393
2047 9001
777 6787
9379 6560
8198 6855
18193 93506
80560 53074
55998 41524
58809 30217
94302 48383
48705 50934
410 85275
65187 34132
41590 77223
16801 57592
2989 57582
26004 56966
39827 63591
44768 2861
21436 9851
16014 8088
29534 98171
46676 22498
42570 73601
85903 19903
87565 52993
58549 12298
58907 35243
24621 48913
15484 3993
38904 14923
76522 77514
3339 15281
21245 39242
74317 58320
87700 37569
51998 63505
14910 44954
37390 78950
6 27268
53250 67083
10654 39505
66898 68938
33082 91617
45663 65421
7254 13005
82093 74041
36732 72090
86902 48347
2363 41774
15894 40743
72842 60820
16115 76416
84827 15924
73919 53271
8914 8595
91841 40542
63662 68006
64883 30100
52001 64447
60291 36275
71359 8005
13562 8079
14996 13208
92382 54716
15678 40447
9192 83115
20140 51813
24710 20381
79096 6851
23787 73988
32748 2743
98674 59947
84568 62302
90158 62461
20983 95541
71299 22043
70735 24753
51925 38035
88816 65366
29305 3322
49143 76062
49094 90177
50173 8623
26318 33619
26584 17096
86229 8744
50713 46948
57226 9841
25273 14113
50913 54931
84915 21113
47213 16889
26709 49280
1091 52820
51031 60754
35565 66956
26971 75757
7108 3224
46286 28146
85500 9853
42442 40842
67192 48197
3321 45069
7491 67003
1242 45578
70053 98410
21409 90380
4369 91194
33842 17712
74152 12783
81968 60472
87367 28519
77453 50001
52608 89589
41122 76163
97001 99190
79657 30971
96991 35473
66582 45827
23535 60718
28629 74817
3375 88565
72404 19251
90659 89165
19264 31322
63070 1451
66927 90135
78344 50510
30961 76303
57996 28283
81437 6236
49795 85326
6320 96862
26148 7649
86772 31366
43548 90243
15653 43951
3492 87379
78961 66311
69030 81175
53679 75709
55141 34461
45242 26307
27400 98555
78675 65219
6259 78039
61945 43462
91658 2203
78131 7094
67892 51898
2149 78154
99683 46687
27401 91522
16765 91399
33055 62174
42423 80127
72943 94835
37628 19020
4722 90330
38774 97680
58908 40600
83887 73480
36580 89574
12109 76719
53754 1976
49809 31451
73498 60066
63556 21149
80878 20766
13276 80690
40472 68662
41913 72982
40570 59394
56958 74481
56832 19244
7824 66793
28978 88194
75979 66506
17683 54989
96770 68961
42537 52941
5278 97731
28923 83200
26346 76422
47699 65090
72424 31915
34403 35606
28128 31086
58826 31354
55730 59533
95074 13469
34701 86459
57378 40295
67275 56955
79533 94138
45884 85812
83338 48951
30392 77162
12593 97756
28425 87402
38277 12905
71579 74625
5347 31224
27989 35827
52227 76036
65694 82648
24544 64579
67343 90765
18078 69925
920 31739
84561 65987
73158 62297
13295 40213
17533 99190
1864 13784
95291 13342
48980 74714
97231 75786
67277 4774
83103 6833
7655 87576
89458 24674
15330 4632
37192 19472
15122 12956
2441 69557
14396 84712
32207 62443
37035 6200
6106 11733
98402 40510
46543 3151
86132 93960
95918 50242
15181 71116
51893 22072
56739 54282
20981 15095
71594 11077
37231 60927
91231 91043
3713 41350
91433 46578
21320 5098
91681 82505
15222 47097
25757 10375
56305 9242
45979 23644
70167 68244
76889 2172
65018 57079
74621 84276
42609 72655
68016 54536
66117 52668
18046 28846
64522 12710
70106 64954
70108 12886
87019 29287
61552 89606
86778 49444
25842 59716
74115 50607
53910 51575
46922 3899
90893 83924
16546 61735
60542 92485
42424 95415
51729 80694
4909 39462
62014 62395
9399 95875
352 9248
99526 28748
88228 51205
36424 15668
33062 33094
33434 16881
59670 2407
47582 26687
59221 93047
52357 47796
96527 24618
74601 1424
97249 75231
32853 21973
22373 23329
17261 2797
50489 10043
25853 10976
87107 76119
99528 75133
95576 95466
80728 50056
36546 77242
75738 40281
29036 72970
18274 87486
14588 87070
95014 86740
45890 19540
599792 290078
828903 467751
924695 440153
975155 512327
292158 648826
956855 300917
518950 684742
71592 254588
559504 760128
923940 528363
808793 456811
760348 715238
659428 10298
749328 811627
58688 779767
302841 165095
123475 536055
193079 775776
382851 313228
307388 532852
187902 709683
895099 257880
605540 314301
704048 6652
127820 790977
896123 170244
577043 331626
160093 526442
262060 140790
391831 414049
739505 340370
693424 529824
774959 721467
365400 235401
853772 600346
481433 742079
810889 307605
15090 524704
610816 252356
340967 560908
569486 772309
999308 715673
408761 907962
605237 319918
421076 993354
220369 971020
270116 772385
409384 314664
693293 496865
130206 12604
437892 911602
523326 519123
759483 939265
569857 618642
370403 721373
559137 577808
533013 263568
995620 265798
203953 260245
223909 858957
92684 677641
367227 207028
494763 177738
194678 332427
505769 356923
393870 748858
321602 759302
564006 811373
875592 45694
992811 696845
936640 267065
700740 498349
338339 330118
384774 383117
437738 886281
591175 780027
510885 71364
78183 981752
323240 798056
897456 225509
268588 526274
586049 867407
567782 217484
726278 405360
798274 690002
689409 975881
278203 828910
724315 411677
950735 817653
430938 734553
112152 765436
342802 947030
513857 441323
848406 46169
750897 16906
667214 963561
151345 405790
193744 104633
497674 782079
271869 748276
617803 541051
6929 448950
383500 465360
932598 218944
191346 125066
533014 267622
934890 530199
431357 8772
149984 896242
508038 758251
158421 485018
260399 79464
810455 406615
429799 74725
615630 730611
579591 1087
805748 229425
355629 517864
962190 997663
7284 800306
872117 971277
374676 348694
75943 104968
387577 985352
711847 225253
980700 543583
53423 516092
30639 887985
393717 170022
49593 250759
664227 384697
894199 183827
25941 963846
223693 786915
249183 105237
36061 648269
713291 67336
450069 57818
248938 782862
204676 847774
374082 331707
106780 679408
534520 72249
780688 554235
832513 703754
127618 922203
805260 302577
605162 838547
648573 322831
814147 90258
584619 263162
891798 825282
243122 447804
159026 576854
523996 490254
547597 284700
189692 567260
205234 248591
544055 598411
677828 674566
274935 176701
19012 208824
144680 761305
793587 714848
491437 843288
420075 187272
209690 543101
681243 412881
555535 649207
768962 18793
814985 427263
330129 455350
663797 411781
68214 501642
140233 199346
910937 327068
59885 341864
57707 442383
805263 108317
880331 971546
224044 14676
315327 112103
639041 604094
367355 178738
726560 839493
70591 762741
426684 708256
635841 312218
676096 679864
606540 503637
822274 503451
755904 783529
206229 708512
228314 118136
8603 629473
98178 245256
670822 328024
709112 967256
465621 828088
69943 891866
308438 454727
937072 978025
884408 573515
224249 260290
6934 181931
763671 594272
83731 515727
949242 201285
216369 478821
844347 449155
716368 768985
279083 118772
38526 898988
442326 371047
439545 235881
659361 69173
533871 594037
700549 429420
162623 852244
62381 719400
916347 260953
184338 400465
722516 17952
887252 967403
121976 85739
207512 469283
957687 287804
517606 887412
575777 108464
402699 466038
252562 10621
136317 100898
893763 346695
527928 79765
598665 926461
607084 60294
854870 809750
24864 357273
985338 509467
121262 854698
451404 619456
702904 462860
126550 460116
247896 574168
466559 529699
490119 817702
896387 726685
237092 814961
194235 677108
339538 623464
477390 997402
942759 683332
517573 371813
623405 741723
651439 701722
707302 191662
953296 753421
16139 610914
925117 714773
266624 136330
671272 916377
864477 266561
523513 856529
33912 165096
289758 102143
836845 959
531032 95266
77937 435794
137189 887561
252626 723058
819932 107892
602172 235123
4116 71757
861700 78530
753083 640253
992687 656491
576836 267956
603697 317520
20801 995762
1673 399477
994618 86790
101333 849414
102026 794166
163942 785801
427470 143844
543494 797498
948348 215278
521554 845012
381718 488752
364344 40084
186926 799508
563828 3308
242825 102394
627341 448160
572472 738110
427985 311246
825914 680492
301603 730629
812441 343673
419289 78819
770940 607398
818304 205482
827137 804638
474353 20651
495511 20600
625111 444426
285671 338385
158834 282519
783655 678469
429816 293607
81334 894963
916886 591605
259569 359236
190481 147835
465620 412994
104470 769599
501050 797809
72467 902384
869834 920052
910322 747820
806429 569285
925592 743986
842613 49353
746466 224279
101295 767120
563844 235204
404359 698982
907955 622836
551495 822361
498276 631883
847144 915581
748134 783967
432902 578027
912699 109242
414427 309273
441112 464123
534417 71592
511200 632843
14083 555126
706819 884800
610142 315675
170469 831487
521384 655901
842909 507452
17273 566077
542502 22126
30155 373284
7246 939855
868229 756224
145880 575317
410714 922103
861739 416463
937442 359179
964466 856985
165105 889081
542104 56309
118196 234448
85513 921020
310766 128368
360467 785555
9500 724270
822321 357346
544478 882561
268776 536394
565748 319106
718926 80063
767579 475018
265956 322972
594110 411921
631118 306723
436833 102775
46433 600928
424604 627
515945 432315
71553 739252
678225 612095
523838 3084
420273 396291
654757 462306
840222 496997
688405 115544
75065 605874
172563 337342
163699 935319
569990 791443
583327 754726
6452 736219
113413 929598
597958 767438
337090 648624
667668 74736
703517 632661
824560 425166
847496 485770
745583 673013
338302 786382
283562 783821
325804 886708
680226 342319
699332 723677
