9642 2567
720 5289
7187 8072
6373 4847
8753 4625
7941 9241
7210 1893
5308 2101
6723 2991
8228 3801
4469 9868
3462 2432
6509 716
2563 4438
3701 5655
7760 1557
1695 9621
2059 4355
49 8612
8210 3172
1860 3561
1512 3916
4028 5874
624 7566
243 18
7285 1547
4603 4703
1903 7502
9264 6707
2947 330
5332 6619
3454 7027
2970 4042
518 5966
5284 6004
2382 3563
5857 3891
3276 3274
4262 5207
7954 5863
715 5768
1288 1231
8937 2309
7524 4882
301 5113
9322 7186
2744 2474
5971 8566
1657 2915
4803 6359
1208 728
9891 8683
4780 740
3890 3594
3629 1380
568 558
147 8065
8745 239
3757 4547
8934 6078
3202 1715
866 972
3602 2828
3457 5969
668 655
9790 1180
1769 1704
6335 176
1135 7967
2648 7686
6438 9926
1885 2436
6802 7000
1700 2951
8570 8828
2188 7243
3564 8622
6469 2131
7860 9295
3599 5288
770 1456
3384 9636
9049 9973
2260 5788
4592 5597
5074 8456
2734 9599
5840 5270
1110 8182
6846 8917
4686 6996
1983 1971
3777 8660
1138 5767
5411 1834
7044 8359
8747 1051
4402 8501
6927 5202
8336 7320
6659 4084
8799 1753
5993 4619
3146 9626
8198 6395
6184 7039
4596 5333
7361 984
6425 3338
5628 1944
4639 1163
6558 5896
4497 4760
8290 6719
9668 2545
1746 5490
6851 7938
3132 6263
6948 9125
4327 6510
6734 1858
3352 5057
3305 4082
8812 8078
532 9994
2988 3337
6937 2346
1446 7379
548 9459
4918 9405
3363 6825
1914 6352
7859 5154
3868 330
5116 3178
4824 3376
5159 1678
1003 5927
897 4087
3135 6727
3409 5759
4601 6657
8185 3569
4620 1265
1185 4495
8299 5126
5269 9233
1004 8872
9817 8531
7476 78
1175 4054
8839 4041
3744 1399
2385 7717
618 6454
5481 4673
4426 8955
7797 9075
3783 3465
85 3070
2452 212
2630 7497
6268 4812
371 4367
8088 8369
5341 8211
3230 7347
6436 7235
6990 1611
7955 2473
1439 9605
7535 8927
2389 1542
8919 8542
3726 6576
5181 1360
7321 6472
8005 4183
8167 6918
3403 3128
1034 6584
2831 2886
699 6742
5367 687
3817 3867
1535 3620
9191 9381
2459 3079
4664 9232
6826 5907
1107 4694
9365 2840
1799 3053
6597 6980
5388 8761
5024 1359
5428 7039
9149 9762
7351 5733
4477 1578
1683 2733
5924 2108
7519 6223
4969 9424
2531 8771
7757 6692
8687 3910
5872 5570
5333 7033
3898 9370
9072 8062
4935 1835
4766 7009
3878 1280
9455 6624
4646 135
8626 8157
2047 9015
4904 4280
7279 4196
2373 5682
2171 4346
8376 8468
4845 8430
430 5272
1871 4144
3519 1987
8508 3628
5553 7741
6578 9510
5779 7196
4998 8921
3816 1943
293 167
4398 7538
6035 1334
5862 4140
1983 5335
7016 1916
8895 9450
6558 9237
8591 7935
1320 5060
4357 6560
7636 1946
9080 6659
528 4289
9033 1453
1457 3657
5726 7006
980 5938
5182 9648
7533 6020
8715 9599
2295 9796
7026 8360
6899 3018
9514 5894
5508 2595
8076 6753
8215 9202
8842 124
246 847
3353 9827
7423 275
6058 7228
8748 3312
7655 9007
8751 8049
7124 5287
1227 5913
5080 8740
8377 541
1933 4914
6756 4752
8657 8067
8131 4071
77 6171
7275 3314
34 4964
2828 9792
5356 7289
3491 8920
6610 8906
2259 4727
6493 584
8515 4260
9489 7978
4090 4883
4221 71
5549 156
6398 5477
4193 4815
1785 456
2051 8031
2185 6806
3561 6001
5219 7918
8384 675
8679 5141
3276 1486
6042 1316
7649 5104
1595 6488
7540 3757
367 6762
8985 7501
8344 8194
6353 3492
6702 5842
4210 4791
571 7143
3620 5714
2495 5679
4926 6683
3282 7932
7755 2593
2262 2507
4276 6975
808 8324
4666 7240
3518 4909
5888 4700
5951 9876
7832 817
5152 7387
6287 4387
8734 2118
4474 2467
1454 4685
9264 3550
4694 9309
5708 6774
26 5362
3152 1162
3407 6669
6287 7707
5474 2909
4915 1601
317 5206
7561 7225
8321 7823
1209 1922
6635 7773
8254 8382
3327 2368
8327 3892
3363 7299
425 8150
6386 9404
4746 8145
1261 2093
8986 8288
8533 7371
5720 154
9898 1573
8603 9171
3984 1692
2039 2356
4084 7528
9959 1588
2416 3765
4147 8250
1945 4915
311 4462
2712 6737
2380 594
9815 925
7047 5256
6935 7070
3966 3914
8345 7881
2472 5560
9111 3436
2248 6239
6803 6661
4484 3937
5734 594
6616 5286
9503 2683
4314 6148
745 2690
2873 4621
4318 899
3707 7309
4195 6109
1301 8475
7171 9992
9320 2085
5821 3984
5138 9127
8481 4298
7721 3196
8300 7238
6614 1025
1261 5408
3478 6990
6522 8440
6427 5153
794 9490
8004 5107
174 2004
6749 3601
3097 2427
3432 7902
1855 2251
1632 2566
2864 4074
7287 4949
6924 6671
4122 7579
9322 7150
2148 9649
756 1237
9922 4525
5936 9601
5666 4889
7794 5643
1976 7947
8308 1454
7477 1329
8135 3529
4662 844
1660 5754
805 6916
2538 4279
8370 2642
8751 5033
6393 3292
1069 8154
8610 8015
8138 3479
8419 4008
7885 5728
7697 1012
5422 7047
2025 824
1049 6757
9651 6453
2233 9208
409 5719
9383 1260
4114 961
3554 6046
4587 5068
6510 2623
7266 9339
6694 7288
3132 6005
258 3381
9275 9306
6212 8470
3428 3873
4248 2660
8463 3084
9683 870
4211 217
9309 1808
4677 1292
3355 8001
4112 3367
7069 6997
615 5227
5168 9476
7306 8127
4752 3993
5249 7819
5283 7254
1389 7908
328 2434
9139 5536
8720 1127
745 7196
2685 5146
7272 868
7367 8458
8706 6099
4664 2338
831 783
5899 8400
4164 4004
5968 2445
154 8079
5176 4840
2707 8401
4043 1686
3114 7300
743 4379
101 1797
4070 3441
8342 2776
254 2903
6338 3374
6538 7682
8514 5212
1472 2896
357 4528
3854 7786
8946 3479
8003 9419
2519 1409
2067 3279
2087 7019
731 9826
6164 3832
3989 9127
1639 1062
4694 4228
4131 6194
2624 3031
9724 515
3778 6278
3374 9133
6825 6862
1587 3776
4979 5117
40 706
3734 9044
2753 8997
8457 1546
3326 4154
7189 4698
1165 5205
8483 8012
9758 2393
5254 3896
2539 5102
8732 8179
8197 9367
8257 3939
1846 17
1332 8674
9773 2761
4519 4760
7928 8689
2772 2647
5049 87
5199 5926
2327 7056
8911 2751
9596 1689
8485 8466
5527 5705
9501 4356
6496 5971
7001 379
1042 7024
5853 5819
4701 3798
1579 6796
3324 7231
6885 7199
8459 6652
8087 9070
4122 9039
6509 5550
5049 4406
1001 4360
1990 6835
5052 8225
37 3821
8424 3654
1092 8947
7589 6166
4046 7198
3637 6157
6977 2952
1259 4349
8772 4905
2681 71
2891 9341
7024 8897
4696 6976
7220 544
9154 4645
1973 1094
2081 7154
7956 8366
1529 337
8565 5811
4608 2052
5208 6672
6336 1884
5363 5236
1773 9725
5264 1457
6160 231
8121 6497
9891 1786
612 7786
1999 1173
4016 4303
5257 1571
522 4892
7944 7734
9016 8682
6070 831
131 2420
5762 7954
3270 7423
9814 3618
7597 5907
138 4397
4474 2446
9283 379
9547 6682
2274 9914
3589 5663
6169 2942
3645 4935
3709 4774
6799 6832
5027 7423
5336 3041
1196 7781
453 6609
9530 409
4728 5227
2079 5260
2155 9755
5906 7322
1673 1789
2631 8732
6155 2646
6710 8008
2227 6100
628 9217
9662 1659
3082 9047
6172 4089
4033 8389
1669 9112
3002 8290
9445 1777
5807 9326
429 5030
9799 7917
8495 7919
8994 5671
9543 6801
7069 2285
6923 348
1824 844
994 8604
3023 7480
6063 6772
5070 928
7569 7947
1675 9430
6344 6403
5849 6553
9340 2063
8769 4525
594 1753
922 27
4491 7652
4734 3031
7178 6062
4798 1781
5406 2896
2928 7725
5303 5843
4481 984
5664 8793
9368 2753
3071 4951
9941 7048
5463 7085
7637 8184
8181 3191
3040 5527
7745 6344
8465 9715
7056 698
1350 7609
4094 4814
4574 8432
3116 173
9240 9181
3998 44
1531 1781
8229 6767
4834 3446
3370 5065
7487 5642
6944 3556
8081 2037
9528 2881
5306 9564
7788 7054
8671 9223
4216 9116
9865 4603
6031 4975
1570 2071
1685 3508
6213 9161
9856 8298
1945 4781
6279 7537
7339 9813
8426 4601
4488 5089
3489 9317
8744 5544
9158 4349
1006 659
4107 1854
3964 1180
7359 4843
3915 9390
6077 7155
6629 6405
2047 2975
2356 85
6496 9836
7856 6598
7942 8291
7942 8148
1111 4449
7566 2708
3692 1437
6507 4028
1393 8981
3141 1358
970 8395
5836 1669
7349 3089
9493 4668
3449 8076
1700 8418
690 3022
8336 5855
9911 9288
4934 4524
9818 9973
166 1711
6949 2480
3067 8520
8836 6929
1989 330
5654 7012
7486 3882
7324 3956
1107 8507
1532 1561
8692 9995
6798 225
8391 3305
4033 9637
1508 452
6145 3353
3153 7483
5792 5369
7794 6200
6518 5393
8785 9126
6107 9950
3569 4955
1202 4735
5608 8445
3573 9190
8950 999
9451 353
1970 6682
7144 2821
8667 7146
6919 461
8994 9019
3117 7301
2294 4310
8792 8202
4350 2305
5794 4787
7128 9316
4327 5826
7825 5018
2679 8940
7952 4678
3242 9199
4857 7761
3881 9834
5690 9648
2589 5212
7395 7484
9795 2613
8548 1205
5432 107
5756 7425
2281 9898
3789 1480
4522 1256
3705 2558
6649 1580
157 6549
990 8180
5382 1605
8453 21
2568 5515
4700 6651
8107 9862
8383 437
8860 2407
266 4916
7325 7495
9851 8976
7640 9402
2223 3285
1234 7638
6097 529
1840 9479
2380 1381
9572 9473
4578 5664
9445 2321
3915 6032
6277 3885
1424 8922
7284 2941
1911 8744
4761 3767
7062 879
4942 7280
5106 3501
6869 7861
9491 4374
2454 2635
1910 2698
4628 7199
9669 8304
9728 2345
8930 6884
499 3730
4165 757
7419 7047
9580 6213
7812 2919
5179 3909
1997 5512
6141 915
2766 9992
4972 1714
4591 6092
5327 812
3096 2886
9664 7604
5320 6207
1130 2962
881 7202
2300 612
9079 6340
8430 9294
1730 6983
881 1704
4816 6338
7934 5720
1205 1818
7254 7994
5261 257
7471 924
2002 4171
7649 6082
3663 1278
5819 9224
4796 6079
4064 9680
3667 3609
1454 2056
744 4645
7600 6669
7318 4315
4502 7041
4845 1841
1229 1065
8117 4886
9899 842
824 4433
5310 526
3364 7657
8279 3708
456 9857
4714 9375
9657 4091
2043 9443
5195 1309
651 2397
5950 3218
3827 9154
6409 9134
5078 1218
878 5165
5362 9494
9012 2994
1589 3454
963 8815
951 6467
4558 1148
8045 8719
5848 240
6887 496
9245 3492
9813 4590
1003 5982
9428 2754
6719 7887
3283 5419
2111 2855
3776 8908
8094 9224
2577 5538
134 7769
9766 3980
1618 1720
3572 6256
9774 877
360 4268
2285 409
2701 2625
7607 167
8462 4392
2 1936
3991 2627
4807 8294
6015 9093
6620 5650
3551 7324
9481 7991
9759 2457
6287 5218
4507 3433
357 9620
5041 6525
4106 1977
6503 6648
2540 295
8637 6250
8047 4188
2908 4827
5992 8902
8990 1716
3587 2337
6760 984
3757 322
1363 9038
1418 4511
179 591
6167 2452
8820 8974
1622 7048
8066 9325
5913 5593
8299 4769
9434 8401
1034 6464
5242 967
5203 8484
650 2038
6576 9240
4094 2012
6514 2321
440 8493
685 1531
2060 7974
3717 4562
7589 357
9341 9907
3634 8797
520 7220
7439 4351
1548 281
9630 1239
7346 4665
7451 4308
4551 286
4952 8867
3542 9999
8086 5895
8770 1415
6542 9779
6732 9498
3770 6418
547 5087
4097 4757
2116 9438
6978 2219
879 9191
8463 8003
5651 242
2061 7507
2610 9622
7509 4604
741 5616
5371 3941
7497 4286
4159 9305
3767 2427
9392 8575
3453 9466
996 1732
64 3690
8683 4123
