588540 817316
546120 90886
954929 233375
320739 5840
452564 718655
723418 311179
569393 509498
253880 196992
611662 409820
657012 358969
402353 470311
858031 928836
851576 861470
44173 831069
207298 758033
405012 748732
219860 728729
947843 979586
449238 963342
182623 196905
467651 287844
7682 19416
605441 586111
623229 58149
878253 460219
108951 488738
471279 687057
807765 319209
135840 86059
631517 773403
886541 691826
22241 200964
754264 811107
716211 909233
761561 858381
224790 192266
270140 657766
389516 631531
176824 863150
196059 127561
699270 20305
415335 813573
551035 322711
651754 62290
646528 44596
840781 189882
137728 738410
481588 326308
148718 669669
398456 903232
749174 699074
63017 302234
666041 275998
919596 673313
864333 296923
883568 44982
595668 949187
927415 871288
724906 474447
327930 448211
338890 906606
588628 140170
412039 219858
18801 930660
833649 394305
695455 266726
898523 417892
338427 723284
578434 958297
795330 132576
357032 81724
557944 753904
894430 902408
913666 650467
259119 522888
882856 715035
867839 31626
100708 197884
844612 951606
228660 599913
934483 356365
501472 474021
224633 847762
237156 912730
365705 178009
805682 951736
346635 778663
260165 273590
201755 438967
125308 228008
647887 46333
67435 418977
759430 152317
244542 88981
42033 208492
35579 141126
216083 173661
70301 89875
55284 922818
391770 554969
561723 495576
764260 897221
369643 323961
397441 688064
81928 375558
241928 605727
198758 166401
918582 941793
43244 84064
374444 547709
340556 146004
746298 740622
600919 797414
354996 4274
610020 406345
710718 900837
582387 907308
435226 539459
54574 48597
799914 676292
697546 988804
476549 252809
927224 360128
85268 761547
113067 125650
122292 497996
607818 901922
248912 438203
110718 310624
78543 749882
690923 745955
133056 482316
233754 460456
369454 969595
342068 973848
541346 464941
499334 7961
765539 686493
405174 28351
710685 676570
426299 98738
163422 585691
934878 898123
954113 162534
162189 890795
777663 603610
658849 232591
982022 211964
815155 373690
145915 792919
263023 550753
586658 713448
958488 767455
152013 58299
265717 635995
691319 366247
966710 511398
463013 51207
765829 614184
476189 955967
161604 481057
143568 998540
67073 448990
638105 774352
854273 94187
863184 971284
516784 911890
35498 850404
25363 711275
389070 193656
921806 396195
474772 249825
712496 456686
319259 167488
610617 562378
366976 797391
739854 87638
64043 215129
114658 604051
419765 111692
234613 575337
312348 803346
691180 760644
578793 264579
720850 581346
255001 971785
492544 266307
472625 311772
721088 748789
67296 462979
590254 220306
813285 490327
768280 295042
16744 248411
886442 31356
594500 585438
573894 264743
898928 471048
596591 63301
135486 470676
908944 434098
850246 305800
222223 745777
317588 324889
898520 796208
502389 332435
745346 890947
365947 951547
862665 958619
951385 813895
450614 100050
312419 972471
434513 170383
664413 350610
989211 186276
854142 755492
182216 522342
227095 855304
206813 764826
862638 68309
788397 75936
349628 408899
317333 775366
26281 744965
436376 602401
76012 944259
175196 64590
706055 165305
981446 310456
442939 558292
643799 7223
893537 757138
760607 36628
558098 156140
756091 524002
787476 390753
980073 360352
450129 707879
287473 814546
209566 409164
920654 89038
966005 554538
713077 311791
75404 510110
503767 888634
684124 18848
398762 297532
729962 761176
383563 701783
177435 746876
370032 716475
474747 808817
499269 725383
927485 717938
276063 287154
976622 636537
912796 644103
320264 427015
873230 796998
49189 327690
341926 6642
761474 895639
250817 430612
420770 371219
857802 853302
318891 476911
646966 243761
683580 97392
167617 220662
68940 447973
802326 681536
577519 731006
526834 836510
308854 899623
170660 772044
195182 204962
535329 149328
592635 976255
989813 471182
187527 461881
224141 831863
273229 518050
132109 160477
423399 563408
632834 438714
101643 493373
298146 239347
431382 324345
113095 16236
924818 783086
633766 752685
47516 588377
764729 37309
267612 301720
365184 66714
926908 777301
998426 8371
161551 935335
815152 875941
972671 396908
754692 460020
751789 475112
552672 856360
306414 506319
868662 913924
813399 537533
141474 304384
669978 392261
557819 555409
901400 766145
710983 822720
13003 539294
784379 941364
132958 26932
785805 506131
238331 513697
491886 911012
145487 851619
262248 650502
971197 620101
976893 155075
630493 95681
195390 841654
239213 604419
948162 574018
759884 340868
165132 74214
122681 56467
738154 769282
89783 634009
656772 751664
518577 624085
494420 737283
505046 638777
647103 955544
456686 495768
281331 367369
569324 487849
639834 487313
109890 351192
40800 435337
584803 557776
777400 527375
403754 788224
57355 728831
618989 202371
390444 514803
817281 706944
663256 905263
282111 553129
897584 265944
562065 754584
47177 691248
262662 9695
829651 127350
69205 505726
99982 324959
793713 144348
608561 124344
91025 206288
588344 410567
203817 123382
722531 61896
84858 260215
972306 717539
952024 110708
336995 338019
202310 288265
316778 140594
147457 278341
880842 28256
735998 680914
781348 630063
251404 493942
775001 460384
654144 433742
16471 632061
679075 233127
894235 321357
299887 678929
797505 19919
672908 770702
938577 350166
661738 723908
793563 920370
681404 83519
438286 266036
573986 291526
777055 926340
451750 464470
397867 888494
809859 393052
312387 749297
957623 163194
284105 645521
55560 957953
140684 500249
85421 123858
338976 4821
841859 269233
678562 164896
193595 31647
807799 690156
396 659755
747310 296072
844883 577418
922959 771652
273677 567494
623555 26763
880661 990184
608644 241041
487788 214399
333763 412718
916582 720827
86535 661434
732967 105822
811043 300056
392263 581402
888009 260707
923134 350033
290748 716859
275731 33450
445684 974056
918703 973656
54403 999146
647312 76978
718965 398148
318948 811368
972549 751974
839620 547817
523306 951663
851381 718513
747439 22402
749800 444564
733907 37095
135161 795145
835719 144528
927875 751712
733840 733869
113546 37758
410493 586286
622125 837143
882488 488553
858330 85399
533026 623529
844814 419501
654260 900440
537901 37048
390454 861063
171028 648153
714263 503233
429877 925401
73388 579933
63058 716244
158917 156627
89736 520079
457350 370553
114135 491684
676924 582800
988304 245468
965259 77787
44400 168903
730326 732258
227713 412145
757676 619080
370932 196797
51612 79927
620866 973376
114436 522215
256493 322630
406810 376489
922944 43959
900099 343080
395809 118546
289692 291971
159429 980643
341034 813898
941827 420852
872274 731847
998433 866200
415806 624732
530180 391595
995334 951645
709388 177412
748713 293279
358460 793170
333805 680325
652274 997790
158225 293721
256555 902373
821750 785057
597680 916747
957832 984601
765102 335075
272885 288057
220286 318959
335709 730345
733931 360715
125872 919546
158391 750504
553630 485605
740028 626095
69053 475627
769210 169969
468752 854882
772087 372637
663805 150563
663587 818034
171348 525930
824718 321786
349415 88948
75262 631420
156427 618610
286009 209001
321758 148903
260006 665318
258240 901319
468185 298540
417369 754082
622027 499148
486183 467046
685203 342413
709338 295396
795595 210180
499012 207769
293561 328575
7614 37990
693029 563080
853145 607449
819256 205745
271783 213311
717377 311437
853077 820575
317833 340843
395909 51429
654394 298912
814594 995883
160047 868304
121317 335235
421815 449869
380301 186230
159303 450235
121249 548361
500956 852251
380233 399356
241349 323062
819969 88280
341368 679172
53720 345260
185566 303160
668030 385104
64867 397454
929798 483022
405745 606435
468776 646286
936965 559750
771172 534870
213842 886650
444832 165334
306638 37755
210589 252169
559042 680501
241457 649680
660870 448576
225395 625741
124082 916733
776649 456862
499851 318886
139486 177095
399849 828504
261655 700925
10546 894726
314610 266923
988567 623926
748339 365760
922966 434630
548705 277767
240701 11107
625671 238418
487477 110839
477143 807012
493196 193001
750301 156422
816554 464071
330003 479163
226061 783052
315092 209793
277039 791567
469635 761166
952099 359461
933898 313982
325398 934577
99135 275160
960941 147581
392030 591400
5977 117832
836655 255579
429544 90214
349663 21168
642238 547329
696083 120561
391204 67048
5150 593479
390121 820790
643341 144852
117241 643457
522983 238074
137566 913844
879745 908202
977317 189548
441936 650530
260329 612190
605783 484611
722590 514016
456742 24102
352792 895128
506349 976333
310983 390487
185027 510576
907653 268898
868269 799021
412133 838635
668489 702527
614655 358963
493262 716901
10775 184786
605332 521793
385177 454440
100372 893843
384853 837592
828319 35775
374172 67626
787611 848207
96250 678758
53049 77834
408166 367018
248447 332465
697178 937718
29078 579746
958451 560996
314948 134241
50443 432834
798969 391784
963426 780570
672054 434420
290652 844029
903936 409072
308505 520387
114040 784812
166555 306393
226535 459015
65422 820991
371483 887688
815437 879051
295112 412818
905369 434624
111216 807282
804236 949221
904609 697145
676867 189937
668229 559242
805869 130308
185402 438371
727772 379723
91407 538075
177664 452860
546569 276874
90648 800596
5606 811997
785452 260996
182506 992507
118020 545873
923555 810298
995916 710010
930150 990456
511849 221946
442958 289244
490665 592463
270510 525110
942627 308550
394764 884473
522967 674449
638 73579
418326 113111
632842 589328
567077 869773
237123 493911
566148 343443
550775 268219
818421 297097
788790 587209
273604 797334
604365 216562
356266 292958
700929 61217
230891 751800
828420 173744
356984 820717
607733 278612
557416 337667
364687 688141
437048 104205
477182 362344
663581 502834
335697 286273
853721 276071
375120 866963
331919 749687
520068 295636
76555 553775
379418 455343
42798 143264
751288 308899
248676 505138
586263 938009
762931 79948
521811 404376
657342 348507
949025 973613
564498 686428
826789 662909
269458 14690
978406 984289
968272 845160
486985 783674
682985 933410
740290 760338
812222 458670
727211 631668
859036 344482
596160 831436
352433 413847
700209 727336
902088 218205
363581 982393
712160 551609
814179 664888
164897 460730
735163 25922
189828 743763
943570 910075
122885 798665
72807 918983
482010 359013
378068 662903
846699 495845
891912 385709
605459 565936
424045 282971
270020 481290
58753 743845
499399 199551
12847 214643
633585 850879
803538 791486
814164 692980
568240 416192
86954 838354
653942 956010
369557 894529
969933 13574
979179 631006
668427 122905
804127 632043
835512 498794
28109 468393
121795 110380
636829 977131
251033 635640
904633 576247
547730 763517
145846 615847
982069 54177
490060 906825
827648 856048
887454 61135
550834 749056
465793 760456
529486 556610
931583 499655
948681 539330
509922 198976
900982 258803
805594 745872
560301 797924
191028 564787
102605 124784
327131 9417
356571 374103
817375 189575
730523 789009
99238 956554
840915 656776
109190 978257
890421 597865
373728 381155
489158 718216
168648 457402
241520 879028
757654 546498
53852 995498
117929 172682
115839 178467
876162 371483
572751 322725
380022 673198
74914 960471
403939 293651
291970 113269
378249 273139
843110 226204
893023 337838
928159 753848
733694 18273
33113 218719
235835 894582
540656 594086
202589 5985
997569 738344
503520 34274
863671 102128
123249 233819
171301 12340
347873 583276
449674 364026
964446 891724
583044 817686
837235 286080
764327 239178
592637 7437
555890 957527
472269 257623
431150 701698
408305 818
983511 259215
194623 71646
110778 113537
772711 525436
310036 845081
172533 463021
619670 300103
697029 74647
281345 374839
537701 238731
770766 509911
168988 656633
21052 687468
731412 29250
793197 259881
768638 718038
716385 224243
509183 939591
147047 291561
274553 207147
398938 866076
92150 730686
190480 339339
157435 122629
312706 528445
663127 81396
336980 950884
555167 582351
864810 158971
452890 434012
492514 686589
544519 169905
521674 985378
576804 681840
108340 897398
187482 988514
414232 236024
32481 935279
73731 277312
127147 132812
242117 609301
956170 318715
853340 858078
881534 929894
841373 373163
294839 620376
143478 225987
144955 491225
217548 945860
202008 867535
922782 725609
92311 282442
502856 510979
840444 943850
717008 162517
358056 876558
937650 301611
814465 424577
850386 843955
159710 699436
509706 383075
481072 61756
204683 806598
161760 172665
799069 149668
153841 479901
133921 9015
709616 544239
15322 735473
950461 835374
592840 494886
154119 60260
301147 748181
70326 774701
31451 932918
857957 547803
425142 770380
501158 164701
531816 177009
529426 46083
613854 305706
698623 456187
585390 289591
702947 934877
731938 928461
643004 482896
754983 709511
38786 719963
350165 898983
803342 336169
113793 193944
336825 947613
79540 557390
897540 221507
837779 681866
485653 409550
708685 163218
57850 87453
88508 99762
282043 309006
424101 625773
146611 53543
844140 277135
3066 661207
849728 709335
993206 314798
790235 144807
799456 77016
406450 826389
863041 286748
784753 985873
219309 609063
595352 501832
55273 226582
756598 336136
525453 132439
180389 449336
710352 656271
276879 484424
612144 400862
216799 456807
10090 549779
270893 245604
712787 404350
436827 866924
289190 550821
571814 152295
123928 904419
264376 384090
804060 156712
646545 423385
907243 115344
398050 103333
369023 484472
445697 194958
567319 293037
332320 538102
885534 713477
664132 836904
961282 337771
634060 877513
504452 396814
319962 133114
128199 710559
473669 243622
732365 800943
77373 44504
991529 875543
614782 65044
584077 25410
885866 597233
316733 715796
911337 391395
371258 116145
374067 326853
216980 719542
567002 124641
779042 258317
112132 44289
130573 356118
174261 545136
8633 83218
885197 301886
393776 584919
104168 906753
397901 898909

