1 10
100 200
201 210
900 1000
725397 125124
520804 316863
453304 286812
591431 188314
100785 821029
545934 772730
766707 306130
417202 99647
494690 55
616169 690891
432966 961360
681581 70358
633657 261153
281294 496077
134533 452402
646154 54294
130496 109658
190386 834411
188017 648663
694994 447434
514736 650229
524210 867380
239538 247019
854716 818071
47509 373862
918303 741275
433691 224515
224163 903819
462284 53490
290807 801670
853762 114667
785006 82716
750773 589183
451690 999063
559265 25495
770213 153055
442572 922022
394375 708937
436071 470755
282053 895924
272706 315405
595295 134857
591924 46216
863582 419436
257550 777057
857440 848358
851463 561866
323135 67861
616539 764341
551409 188941
789652 240230
851650 662613
458259 212985
912877 813239
155055 259594
215207 908294
6857 231273
413839 50129
251710 353547
734005 360274
631117 680452
422365 357918
605600 760749
608006 521617
783033 844793
473312 742953
696073 745784
204540 688009
607848 127481
239000 108330
786258 316567
266219 713898
891482 763220
718227 326441
224158 724374
644880 135438
550940 67245
116643 245678
571989 790600
397571 19745
791786 591087
520895 202686
7096 993896
475340 165306
138947 339535
613110 863953
625986 700376
222178 259991
871134 327718
948455 977272
25045 20752
243128 768826
748262 163080
370222 768505
836486 949550
980198 24847
996740 644303
442885 979275
421186 572181
127726 494524
290500 190213
791032 190472
847335 368782
359215 137544
796133 933073
866065 747143
720706 199134
768449 982981
475966 949711
738520 225122
903431 487080
458367 709342
530838 523807
327755 901312
382063 298230
872296 447671
812688 505005
126306 878149
17030 960837
905455 800676
964982 793386
13669 837678
881554 534365
391526 243716
756162 905750
432479 596721
974390 668797
279786 994184
385395 885571
6068 361350
321459 447564
596727 182100
318783 114141
654497 991516
991612 306156
380647 5206
834562 106577
309034 463887
175887 452601
482074 628650
228320 377450
226523 590713
663336 406332
613846 909175
325 592017
461655 263457
902490 133549
752520 129032
339738 421345
103024 668200
892539 407986
314772 215408
826946 688316
675029 722660
354128 95900
840880 929523
612886 7779
517000 921695
885470 939781
934141 390899
493518 312698
321544 211034
729988 454147
47517 661767
96176 688539
112191 374673
67429 25606
144620 861702
312580 608808
785459 224741
283978 850084
203888 505940
543693 263131
579301 855611
720678 597210
133793 677583
868991 323934
361846 225018
917525 499630
495330 242356
773050 146823
853476 511505
529298 66419
138352 795602
366106 845683
864134 890335
981625 573314
445066 820767
88829 612492
629905 202161
564010 313804
250804 608036
38445 967773
405127 972210
534989 945726
86370 575341
610287 787498
859970 696151
761359 271713
285338 169043
660677 361135
644968 2118
647094 807727
961513 448216
719740 309181
13067 146894
763981 332838
704750 313898
401131 608207
808007 216630
156161 893917
690261 585944
77015 658819
110167 503263
99007 749879
712920 300995
627586 153007
572981 959367
781527 663467
231522 376957
473562 86426
498056 803184
127889 152599
137094 773619
591692 338856
494314 74608
282003 961255
830118 93041
332242 733982
17189 781555
763205 277183
205779 625926
727483 932927
201578 18180
745519 379606
587793 229484
909815 246137
309353 549280
613276 853487
707730 960407
706335 135761
996285 377930
201255 648343
447360 482997
348712 704928
849714 193779
723607 440777
284308 590325
650881 626257
574726 744549
272448 559776
563537 585034
561825 930060
245050 335518
899144 586685
691343 856658
699616 120559
666475 344994
62281 719078
436671 894992
734193 509662
402624 71219
390816 980097
247465 377329
190269 545824
655498 456255
137397 283354
262097 937760
631972 821430
858396 609851
883037 92138
765391 926928
637157 875142
803182 51442
121235 330509
442867 771068
940149 615090
619042 28498
35781 440082
652825 283398
597698 31872
290254 800661
706207 689755
466091 800198
967525 547948
271658 244725
133991 801556
871543 816016
702499 787662
611377 58885
332916 468699
713535 639094
219860 419
647198 130389
219562 515904
262897 62284
647236 839990
680359 856860
488321 960755
731672 373432
146845 132238
89010 715691
71114 629936
532599 920920
736897 553747
985676 811173
890237 361606
409199 810567
571995 50466
384522 335174
536262 456522
698368 514815
907501 525119
36193 63104
632852 945799
622890 1590
358330 699607
79269 808045
619593 811976
217412 714815
314721 780430
20327 951472
173299 150260
682212 498910
611258 583075
609434 933534
957224 885837
788394 347731
294739 752280
547035 870781
5815 81713
970536 339968
349967 467306
691709 792041
767841 6655
340626 404370
198324 656396
990168 225570
553799 274022
48063 992803
250887 835113
726107 463521
856104 237245
921481 219496
557566 105516
579955 387592
84383 315859
967783 268615
665198 594419
410315 569213
301914 911317
561052 663270
277218 484194
278750 370888
359948 417839
561065 256851
4447 746905
977131 384145
341573 794075
699268 82820
902683 275625
457446 241987
418891 87736
162021 83067
464282 764399
135607 445781
523270 887999
551372 437426
30218 184325
750219 275031
989239 321730
343365 503435
241294 999501
3023 774455
899168 587091
754651 331981
21600 80485
538290 63180
20499 650196
169478 426761
785088 353362
961634 723861
900651 831993
173450 816249
799949 868121
400750 512119
223637 285374
384180 663752
611748 692152
409493 399836
971083 96677
82391 501758
131940 874367
637518 511370
454153 330214
877988 545616
374512 943101
155411 547537
324387 138198
344546 128513
407976 791493
529912 27399
820923 164832
467524 866819
812318 128385
915071 32399
353132 362828
135275 704754
566959 606681
666973 569074
532001 761564
565834 505477
223480 500865
943834 325776
539540 781521
205925 160105
238789 167822
601647 577245
196210 937759
644336 847214
150391 6413
464513 802553
444292 914123
856491 925656
536137 983364
57497 72715
748323 49587
975039 198752
311242 336651
820290 355058
387439 456649
634334 850911
247498 874491
827431 835468
537504 789331
644345 424313
172156 35865
195446 210073
234604 838978
410488 508038
494331 694670
417414 207380
863927 829729
925404 853371
27350 6757
647351 101750
733941 799789
837363 878038
32254 650161
738286 668489
63134 613665
691953 317942
144359 47864
91656 137860
849155 474754
813095 801413
560198 539371
585148 214701
458109 240951
85929 373057
959093 757722
626219 77302
890795 419221
944536 964936
922399 646175
500429 304790
715459 893044
537040 840650
171738 374447
724990 118515
640072 942345
274266 802058
805326 608456
159754 428420
415746 653730
147733 411838
747109 706546
305455 553225
929740 561606
430682 284071
112328 718547
363934 164152
195056 444736
825205 423708
135844 133123
488669 988481
805863 397805
832852 801471
284056 763998
500339 809483
168610 167214
569284 913374
365749 515975
964417 841883
131408 351762
604877 372100
57014 532029
810788 633910
182900 836197
91072 212599
5318 304869
938610 474435
587443 550233
641088 66861
867195 657431
390685 997318
501301 997714
340400 683069
650338 230698
989585 463772
634089 482488
753266 792851
241544 608751
144335 491135
210418 201075
867703 17632
295818 166989
561489 713727
748834 699319
688248 877625
102039 747711
915887 38840
35399 939288
496138 712338
219274 913457
584561 162806
145258 415444
722821 801621
232218 60238
403232 141503
888599 894763
82480 92076
390252 923305
428424 500145
237112 675187
840807 432357
788537 370286
263206 143363
903536 562151
116797 337121
649251 237532
684777 542550
419667 381622
966912 590253
840656 658578
684885 844947
603473 646558
281832 289074
69414 134322
577101 102351
949689 829597
456085 223359
166543 482053
911808 702813
461217 492573
635157 884723
999738 171281
855295 542938
513772 196787
37969 660565
773990 935958
771759 407524
276028 458252
687068 785074
50609 140431
395293 661169
616625 959282
882971 695293
457875 797407
113473 863476
128764 330388
397181 372264
615111 737715
482192 712899
152018 813237
781359 327225
200457 662287
610555 388200
453593 542029
722253 61272
95310 293553
803512 473135
815674 58790
817141 862971
143235 21259
78581 780281
790668 409883
457888 220313
941789 619019
563008 256779
375730 414108
806571 750727
978117 620594
825662 775822
561440 915442
414779 5022
395569 227407
383764 782172
526075 605116
358980 133589
684622 700056
775265 67840
175035 998867
118624 903519
961045 919058
636223 922040
569354 447356
488518 782875
174980 530990
813402 957255
771201 343677
388784 13469
619642 230094
388106 209817
339593 739091
733910 327770
205080 136048
390890 17443
575575 949118
628211 221062
689967 937632
581480 287383
974173 460298
390934 160089
530887 815863
380049 100355
685596 836060
905489 733007
519219 182061
363368 122716
300654 832370
655368 307898
594956 200464
981732 766606
44605 720454
317907 92530
112745 500645
752054 203634
69787 673217
370080 269700
588298 184441
977227 677606
213330 46295
580921 174822
235654 68791
945209 352529
292943 549101
90310 995348
66809 344364
568807 948422
502947 576441
658637 513568
144986 876618
834350 297682
652704 556929
945188 20301
516306 569891
904925 101027
405800 803030
307355 839406
989571 407513
742887 79818
672840 967436
758230 220444
465672 816823
624828 812980
679961 239173
413505 31730
79926 873297
532 641950
182651 801019
602219 759004
405702 752435
264768 72112
764294 343117
819220 601895
174525 853945
584154 952669
119822 492670
446058 502074
504577 194389
3364 860975
826177 580789
684295 961711
97451 658607
766339 187787
213444 21030
780917 42168
775524 447641
831259 544080
582067 710923
799657 763957
960421 525963
216009 339363
479561 387920
829693 991601
60531 524953
98087 227352
577526 945229
86906 3844
40089 829712
851397 331265
882540 209529
670352 576460
892852 824257
985637 766965
37198 574640
17500 214812
126683 901563
648476 310869
83023 383098
852608 649580
635241 293872
889677 485753
544766 919240
554192 119328
809690 754050
276155 507998
684278 228734
713912 407600
381173 991959
572683 248852
769090 86268
755213 562233
345351 128912
129706 923784
397976 301065
6175 62738
3358 848921
227943 544148
393721 359632
258056 331960
907011 662434
31734 421700
122580 353642
511489 168316
334803 700336
651498 954841
370592 86465
994277 848380
603451 48252
659671 611064
333986 404717
59255 506034
515174 282678
886032 846221
107036 430714
274208 665883
310325 783228
674802 166838
407999 69738
241995 517280
859069 689409
515473 826016
45912 235410
55704 624588
106130 94051
418655 203462
675368 840420
788406 952479
922935 315814
118021 627018
762597 274458
182104 787159
87608 630058
129002 977770
368801 42452
963612 313239
422055 330132
639912 294275
71787 433374
132160 582108
389866 796415
42299 712897
446533 503688
7707 545673
969731 636325
103014 597058
882182 820036
929451 726497
885420 210838
516324 656441
267060 509258
902924 585995
772712 376794
945109 400728
163681 354790
623916 860857
186674 385263
723679 504125
479632 185861
381616 817650
618382 194934
632028 399005
90815 583368
948410 905214
960176 493253
258136 929474
818388 668245
352685 283581
373601 779576
761478 867093
708411 37219
773148 324443
859792 284196
882302 220764
544245 914428
397845 493771
538328 781580
112095 723447
551461 425015
623589 832963
110849 237167
743222 535674
716092 712215
386085 220717
338937 227939
702615 720550
568676 565258
844304 784999
816728 838455
539854 857191
268860 162313
528354 994244
972092 449294
63416 569680
988032 529776
888977 377594
331837 643638
647882 14255
988969 769439
30597 369334
988386 767505
383239 986449
543464 863619
489508 300529
139965 651987
589530 667146
66230 339687
147865 190377
723777 811427
739870 648291
677275 622089
11042 579532
495124 906993
202622 823694
383865 197917
66033 539275
940404 699031
536998 233352
828624 856910
501875 121927
103287 463186
468650 701164
620999 931020
801600 96830
691393 574615
19661 110344
199772 248842
33072 515674
612826 371054
931121 139184
319686 508698
370269 640117
97891 445538
460460 90134
980573 471629
530556 170556
631930 73918
374924 600289
869041 560757
8253 270127
438759 60227
244784 773929
424055 717043
564015 894918
146786 748060
678803 564355
546266 74114
755983 439004
977903 970490
356780 395365
599460 828280
753793 566438
931752 325694
242895 374318
540910 109125
862358 260423
196630 913178
649490 465622
860878 244980
221988 525370
781943 917734
25684 162986
429049 396494
656975 478246
809923 590773
770845 381348
905381 374880
129501 144853
876375 206337
964103 4469
797509 310967
117462 953668
515975 621586
245874 136377
888325 752795
650253 568221
955178 387812
920267 741529
241859 508416
409765 684208
593615 304792
966274 180137
715269 637941
250586 23968
933283 880042
345422 481275
925042 335926
225382 387243
456134 431090
113529 673429
429849 376062
824255 166217
644428 878884
418085 204988
442340 163714
308148 849429
876201 242442
689999 360047
702368 518360
706474 947504
337502 477204
172054 782772
795045 988255
75572 408834
442125 332259
792539 825101
760493 626613
30618 65643
588291 855478
395827 772700
223640 92699
453079 479783
31369 773728
919779 89178
290231 334420
762125 860732
173631 1040
877521 209009
208906 471509
996724 219272
88682 681278
611204 705665
683917 741737
966913 450694
40496 883369
633390 273218
432367 632623
340431 582155
189098 622671
428894 633926
823671 316807
366721 490486
341884 117617
992757 835091
409627 231599
991967 728673
447367 159622
350322 668494
105470 413230
573285 426214
373656 829750
118018 464606
665616 828380
112146 651072
431217 598226
50440 936166
852076 983771
25910 593290
466484 204408
476556 562127
23840 343210
332562 697327
420649 840489
398172 783910
257343 649136
483184 912104
146913 358363
697467 533752
838415 868620
7188 390527
823905 738339
462388 64758
790830 226998
86117 958544
23672 634168
47183 452934
816521 444348
519567 852386