95194 15751
80819 44469
75568 26985
31044 91341
83288 44971
19830 86612
37221 65410
73748 86686
27849 39572
59121 89761
10046 69600
1715 595
1652 12463
62101 51898
74899 77975
12344 39841
33132 53543
57455 8815
82745 13706
95600 16851
14463 67883
42450 65052
37284 73791
40438 55985
96547 38400
85341 57658
28310 46102
20311 86500
56213 62483
87574 76146
88903 89276
17771 36809
61739 28720
38020 11736
45312 57168
26355 42580
84007 15454
6824 93864
99381 94771
28358 20748
78741 61378
87093 27299
45474 79188
27184 28952
66728 75987
40590 76380
72548 18763
3972 14867
83482 11413
95675 85957
39073 98915
1070 3270
71674 85240
87279 37069
73966 90033
41051 46696
60362 12839
96836 59836
44759 81809
40337 22941
76101 38311
22651 21242
15531 12987
92585 75270
21951 25627
39751 15377
70866 42412
75463 58839
14231 79617
89505 30327
96053 77888
86069 97569
65130 12120
84751 72918
95372 44939
41614 99359
14206 36611
74036 26514
25444 88543
19450 52757
87157 85559
20205 12417
65976 50479
92146 213
44804 89749
42503 10114
51149 94473
88530 21370
23200 58099
74616 91113
69160 24188
6202 37448
60916 73039
50281 29678
57570 77951
80943 81155
53857 11589
96109 93674
35467 552
42487 46127
75566 26499
89668 26148
24970 38987
54228 28539
35899 1133
274 57483
9251 91436
80017 85523
74560 51291
1161 38805
83872 59142
36954 60797
34075 89268
95419 39472
89921 40477
23268 67938
19588 10800
89592 79055
56562 76136
85178 80031
83350 50404
64864 55472
36927 60964
21565 58028
48177 46720
94707 23425
39181 61766
42966 31719
90355 78822
64096 39857
51526 4031
77909 87584
59709 70256
79373 34580
94861 89272
56819 81940
12190 7006
26900 82553
83595 6969
10019 20384
31860 33098
19250 58914
50991 78728
74464 37275
78705 65296
16167 70381
59832 26672
58843 54022
93702 34011
71560 53811
20197 24594
90592 2597
81467 35197
92064 19720
8927 93184
22790 62576
77023 83230
11899 88817
74895 67820
84488 97144
30980 99849
41227 10589
66743 58552
86811 27853
21552 11382
81250 19620
70197 53132
67834 10986
15539 59598
30525 54409
84749 94616
14826 59146
60083 13409
19734 30460
98341 19666
76681 34990
98191 92751
58303 45559
10640 2906
34770 57470
63776 53237
46339 32424
32819 97378
84180 62847
54249 31673
32422 52327
81182 99253
80655 63419
28209 56630
79356 96517
32788 81920
91836 7904
30084 41363
79209 39361
40444 13616
33329 11167
84277 8558
49657 95181
40454 97508
75782 12782
21237 37909
95035 14453
89650 83511
2521 69863
48090 67851
31795 34059
76391 78633
57496 44426
84629 15260
10022 36877
17562 320
22504 31296
9675 20578
88159 35837
31367 29913
98878 26747
70313 58390
65736 89938
9347 2924
86297 10958
38153 53242
46864 8637
29783 62184
40791 39465
65992 40128
76352 68211
91725 13882
98077 43734
44510 57512
4426 98988
3513 90732
62374 52159
76815 40158
51953 89649
32030 95773
71345 28174
39100 69044
75637 12182
80679 66192
51561 35508
97434 62711
60073 74736
35711 39977
80546 88298
15839 75972
26536 67707
97806 72439
49161 73784
26519 59805
83738 52250
61109 96146
27901 76356
79668 59708
10568 23129
6125 27080
90282 54310
1226 31571
95373 80211
8873 23722
83685 61253
96312 78782
86053 35887
8091 4098
12059 65955
42264 10489
18844 98010
50621 45088
11985 10340
19629 99833
65635 52358
82294 8981
5511 63328
54273 29629
9573 77716
13866 94762
96253 19045
11409 48789
79945 38614
32862 66050
91094 88139
45 88705
77553 74371
38394 63325
40324 40202
8078 70206
28441 85651
61268 4553
4568 55403
98608 77611
86795 21776
94522 73525
99593 62267
76082 36923
82612 68094
87085 79412
63300 34004
96171 62783
34942 49767
1603 30730
28967 98729
87205 62244
8099 79657
60602 37864
10643 99619
10886 66161
29505 53928
89564 74289
11220 32806
20148 32728
31204 22231
38610 11598
5716 32695
18513 23665
57533 93083
24016 399
35781 91744
27332 93587
61722 11265
77585 24660
88599 88639
87961 87208
92655 12545
82149 79309
30339 53801
13908 91489
29599 80223
29618 77529
41565 33596
9606 48684
45312 28092
49249 67173
3592 84130
63834 84200
64661 42712
7384 16053
22667 10174
13132 87829
38581 160
52935 40239
60673 14656
41193 69852
9958 76230
67082 11739
71461 73484
3822 52160
40249 25918
19490 84713
15575 16955
30824 92273
23263 64067
20295 60739
79773 56530
29100 62641
94621 32341
42181 67436
9517 92862
92357 32447
80369 33067
20190 47363
91181 5051
85782 66127
6010 12547
46727 79215
74641 56334
15595 38255
87874 92539
82167 14671
98102 28106
96194 20961
99374 77132
42734 13326
29403 40735
71885 91348
21919 19221
87011 57340
90347 62522
95072 57838
42975 10069
53196 93514
23118 1535
51781 69194
67968 30998
28939 96123
12455 96383
95453 88197
19198 16528
8244 81099
69848 35182
38550 4698
55055 30314
98574 96506
71074 73027
9193 66751
75307 14331
18882 46620
1591 47224
47100 84293
54243 30796
60723 81198
78946 94628
6679 83234
98111 96858
6914 20331
63615 32660
93991 37287
73991 52654
96085 71655
34662 17118
26152 19769
20553 32889
3280 57501
48436 94666
45789 55120
77020 2915
85401 66653
70154 99865
78040 11766
92291 96200
44672 86827
91703 37369
5862 11656
8058 33683
91196 9678
30532 64640
26250 43408
88889 13390
26245 40726
9658 89486
79227 58248
76427 96462
82724 3923
18249 37265
54693 46744
62494 20850
53344 84590
30395 22568
94597 63538
97078 10527
58019 87350
56848 22075
28862 37511
84321 28451
40742 68279
38951 76483
87073 74892
33834 85750
60165 79779
60091 47690
38632 34976
29796 79932
59356 80742
19227 11467
6101 14690
46499 41878
22870 32993
56271 33469
87145 78034
53439 15269
73132 89210
11837 59302
67948 52696
78776 80990
64353 8518
30078 36480
20775 76590
22070 73477
67368 31613
51404 32618
62831 69210
51896 13443
15240 41980
22765 18292
37919 45705
92981 73584
42488 97516
93281 95321
48688 22636
3001 97478
73092 82636
69969 78402
42409 58143
37455 19056
51992 90240
29357 89296
64077 49401
11936 18682
85353 22557
40932 21854
10953 10885
3055 599
82467 77322
20746 97304
7545 64273
52153 84907
57602 10429
3228 79482
19569 97715
92650 33628
2326 55698
1321 48738
23953 70707
50534 26837
2928 24432
9330 71790
89734 77043
44274 24809
789 19889
53698 88891
136 97896
23518 80634
24771 1334
92300 73899
12278 51638
49218 66447
38748 52958
94730 83558
88563 12223
85215 74971
37707 54220
47767 65462
15894 32772
32286 87101
44177 49195
60313 31627
98230 32409
85750 80248
67070 53341
59571 18946
74570 93208
40207 85429
75560 19851
25741 53508
78385 41792
70931 24762
40446 80150
95281 16803
56359 87595
66495 57052
84371 20210
56913 97698
81278 9459
42319 55155
67574 96784
38855 39163
78096 63970
33604 37976
79512 67302
48284 88448
87572 61728
20926 37060
94807 3327
65104 28482
76265 28695
33057 69238
79067 8731
19024 19056
58189 67055
36638 30603
64141 14070
88873 74859
67185 8066
39862 93242
27065 86400
80519 92677
3709 36497
84632 18900
26099 69036
76906 72182
92745 63116
62250 13141
30143 40038
40573 71134
97702 82566
91126 44633
66825 11388
58335 25405
14813 62278
58703 70803
33013 29045
1918 8581
61102 99107
67568 43619
74598 44861
12329 28803
5602 23509
22898 79052
57956 51570
63921 67694
12758 66216
73006 66507
36971 36478
36908 63919
3956 67639
86980 16274
90699 19501
39591 70101
53233 93263
96368 83850
37189 2773
37511 44506
64568 38508
84335 3598
3825 48857
43814 23461
51197 30975
92292 53666
27840 21856
42137 81853
56166 85121
37531 39138
35600 24242
60427 36385
43636 70275
33392 40437
44477 94920
39176 57356
1489 90757
84946 69778
8454 15065
37117 55339
42710 77210
35346 56193
81652 5643
39784 97640
88568 58195
26974 17476
81588 69113
61443 65971
27052 34084
11112 84019
31987 23916
27933 13361
83634 48720
8208 89414
89511 73125
85435 57347
42504 52474
73499 70916
3120 59949
52375 67477
6654 76439
35825 19834
77582 34150
82284 75337
9727 1734
33085 52191
7607 7912
76349 97961
3980 38701
4210 57440
24836 6798
43655 60152
21965 91719
84961 8651
60138 17091
39586 40203
88873 11746
44392 62407
88874 27424
30173 78677
28311 63857
37117 90273
70798 72826
27504 33640
99652 15364
22770 92574
71804 55997
18303 55417
55862 78195
12992 91208
15104 61364
85140 48498
43798 95430
71633 25389
58712 26559
6838 44277
84506 35821
49363 69360
77514 60983
31592 88143
3090 38700
16232 37520
29422 97750
18128 74245
62656 30614
76239 33217
96939 30400
60604 10716
10606 45660
69935 1468
54382 76892
82044 28346
71666 97712
44231 63232
60943 8079
57678 95639
16872 15344
63704 35183
68126 46373
69395 22098
46780 63630
95644 26646
20861 95753
87669 95543
34036 91186
25975 2692
68201 9160
38970 40872
43449 18879
28474 96991
15795 10807
59484 45172
79460 51352
4402 2735
52948 45489
34040 3098
1090 46613
82119 94890
54052 14829
18294 86471
92222 17649
30165 29643
52583 84087
37913 57430
37925 15915
16378 93386
27575 5448
70067 3770
5874 53380
83987 7747
11903 21367
40043 91387
47766 14828
6620 67939
6654 37910
12773 97504
43072 15341
39831 83444
47839 20810
9441 6575
67850 90114
81301 78995
3787 63375
23588 70522
29446 23286
50655 91033
93059 995
80666 47141
16618 75527
52608 96774
90128 94377
2138 5243
70293 28293
20037 3053
85209 83832
63452 76791
52771 63102
80762 41363
80824 38899
7142 360
37003 31216
16523 74501
11002 3362
81144 58750
53918 59056
65879 14395
37675 58221
7036 37445
15264 28686
83375 51547
38177 66774
67063 75761
35374 56080
46178 45206
52713 51252
23439 83260
55393 10746
14406 90781
48878 85309
66353 99587
19812 18146
68521 24538
13429 11817
76411 30584
22612 86099
56136 42569
5437 6223
43542 90981
48040 59055
97750 21123
89992 22583
11718 17542
54766 36077
5383 81840
66259 70696
79162 37693
2228 79106
16814 28213
5731 64677
97270 33348
18111 18363
77815 19231
98462 52437
92638 60971
75004 40095
10036 63552
48989 3907
62020 39704
23108 15601
18172 61760
65808 26794
29941 25888
85147 73026
12047 36940
66174 32890
58364 87981
6184 84927
25936 66349
68138 1785
75815 59614
50359 6443
7906 17193
40828 23615
93549 29120
43128 64609
44462 46393
96363 19884
54179 12920
32697 27401
78914 11280
81683 62428
19626 40379
64690 21850
8812 67160
31455 41989
25586 39030
57424 49250
16005 23236
87054 36100
8277 3703
98001 32882
46528 29897
78037 51961
20602 29088
59202 47611
62781 72594
77929 45271
8322 60817
6011 21654
13880 74184
40085 52486
5354 76577
96539 41010
99876 85700
47702 72271
33041 87445
93800 89481
53129 85221
97464 69858
3644 55134
99261 1039
74232 24099
87976 90282
95692 15746
29066 79359
34793 71728
84373 21430
45577 45553
86858 12805
63020 28692
60604 86117
39020 7096
99480 67835
85413 49879
4418 21713
28345 19033
37450 26619
6023 52970
41078 77525
30560 23187
41470 29288
32761 18314
15807 44357
46499 66587
78807 67116
99003 72297
84944 31689
43525 54234
55623 20695
6213 30632
36191 44203
50521 82322
67179 27579
12693 45237
10359 89
38486 66347
56409 49265
52178 57749
24280 80491
81972 64797
85833 68168
37718 71115
41405 47684
14327 8418
47457 62895
11562 56063
24417 13147
37682 5113
54134 4483
71666 71332
16428 35770
32010 4136
71297 71510
23781 34649
92997 32817
86902 17709
67013 78051
31257 5905
38162 68417
11820 86639
85556 47214
56570 30
17430 9738
75357 52098
19242 16510
47025 16415
78124 6830
13788 45996
31887 18149
9097 38451
56371 55543
694 25653
28334 82398
16351 80791
29936 3696
17766 41448
40111 89225
90917 30435
56668 60948
86302 7941
30903 35737
9573 23606
39981 38405
66934 59480
76348 82513
70470 96243
70255 36757
23657 17546
83558 34001
87965 29238
78989 74448
46029 42659
34273 16470
55682 95834
48190 66182
42433 67759
99948 34377
99843 51136
39302 58827
79613 17733
93577 98665
36504 12299
51293 72865
76936 19679
16451 89414
49791 64460
77634 69733
48729 77769
81569 457
13933 25477
57458 80862
19666 12975
31232 61743
46209 2521
41079 21374
28542 56049
2660 65252
901 42560
82255 5834
42010 6872
72285 67735
76483 34690
75348 87731
95941 63055
84838 45100
91297 67109
8835 19970
75040 45924
40521 40600
18758 33853
29964 55484
41938 6724
7396 43125
14056 35277
73841 67852
31247 48302
32233 94743
94114 97222
8798 63835
93955 46019
