829691 737757
905056 849325
668387 327870
640883 784503
669581 401786
813049 473429
829455 857514
35673 408164
798025 903272
926345 160046
149711 23232
162792 211714
138145 413627
883964 800064
169308 750899
495605 582868
630427 858797
584336 410539
738679 522723
741860 67060
652180 674985
703591 758494
998924 279030
79023 321044
810715 259273
193582 267123
983380 133494
276929 569136
226112 19504
166695 401503
235516 23427
288561 448943
247348 965159
759969 130157
630440 489176
58594 634286
808790 753199
763142 897477
847916 856311
929690 452883
521163 293203
122073 740894
181250 579704
913693 925931
949420 234220
62730 500184
499291 855202
420909 935892
440686 345886
669091 869378
464842 193289
174239 648379
637015 988183
893034 263618
330708 280628
639912 94093
459321 858388
837434 230997
774644 459774
898266 962836
984724 427110
354366 692643
959760 133960
507408 744367
389541 800916
615273 977793
30613 579873
749699 114867
337276 107832
326651 583180
559585 111959
318457 291994
143440 999457
199908 825441
674411 213474
970673 419314
425744 845920
30083 409543
661273 654860
882962 577908
378459 526942
432983 869138
983932 610703
83958 512657
753763 432868
549076 904803
330881 98862
674155 410267
719073 688645
763779 36671
855040 813921
480676 327210
520923 608276
741116 945952
714451 111312
357745 903585
165018 790396
569881 430366
984758 51366
231816 376172
565041 332979
196386 647420
33628 201332
473542 125184
3410 476887
594534 854004
211378 611481
191900 257822
619231 378608
691375 740386
569731 631417
372747 901011
345096 761029
891445 379263
521367 994242
246329 858851
798623 341343
626568 538571
681794 107450
964555 707174
764959 849358
413536 47279
986936 58851
379112 997762
390882 863458
60424 730178
102950 471518
356914 150950
984604 386736
248184 112388
592159 594817
100554 273755
388205 571085
212097 14048
481599 548083
660549 420418
708135 34573
11181 48128
534345 954959
389750 389361
71215 427286
923280 74507
82797 4450
158680 730947
207178 162580
21941 796007
279039 695059
159514 63150
64681 926672
357949 711719
397233 451911
403489 695825
719093 981253
862302 962812
225216 465536
424486 535507
225239 139477
366133 289983
744691 114545
758996 29051
939479 776672
40676 425261
121497 887389
703881 97057
141441 506279
195243 668850
277727 247996
3275 354595
781517 722931
767050 247095
653253 727773
198078 387051
452272 437471
546952 929360
379365 990484
45166 739144
409325 359125
284288 20711
803720 363168
655946 901053
578293 718407
918762 835670
495817 988015
570000 552884
139746 978516
53083 372605
756286 315588
223319 70689
799871 411482
356528 38253
607819 248713
925047 926727
661855 754736
757348 115220
916471 866078
771864 150879
632762 865299
144371 87536
410460 433496
974787 109654
769197 389133
687233 573229
146400 461937
287831 848257
328751 447336
283171 562595
447937 957346
705709 330482
523987 606732
890903 921135
486074 852652
982686 373941
464143 59594
375057 657339
142320 889359
357429 687579
358662 990069
692610 140793
14977 286582
236501 550401
605992 491311
48869 754740
950417 297313
639768 451846
65719 208544
373107 789109
691869 77807
256807 423759
984003 882828
476800 937400
544479 92982
483896 568564
360368 372507
469303 158666
719475 976648
210049 600128
43809 481131
931809 605041
953047 668640
206005 711288
785977 185992
865128 562752
493359 903910
733228 440657
237803 298193
822929 141607
607963 643062
607489 808974
189124 682931
88258 977793
35528 317467
420854 971265
199231 625185
544843 929885
379172 154598
323525 917374
889881 751036
777055 223917
689257 264623
68491 595823
394001 81766
735662 717703
996794 372012
604243 169484
61877 643713
978669 602661
70874 523758
103635 924236
277729 737805
583260 128697
848852 699889
175355 5801
623544 391544
526528 610212
899129 470898
646905 44487
933133 840647
127918 911473
192361 627869
957090 720961
576138 133404
479672 77792
517506 140979
867105 340949
735031 590678
131386 194615
463746 51883
41703 33346
432360 206496
441103 282146
580180 481077
936002 76429
614765 390955
332917 750396
740508 39614
904010 911695
796505 774439
672908 68884
258294 222157
950641 826536
316671 676866
319506 429901
701474 25547
535369 998197
375470 954178
884908 454644
26288 991054
616979 576582
510836 671483
36147 282546
139024 92161
737618 68014
996644 762802
567066 985391
518007 742632
660272 507438
89154 706419
316495 573888
609621 551117
877724 453761
696033 70722
800248 642495
886924 558459
37056 730454
319897 783857
704648 909100
227189 318720
261667 818788
483850 482163
256636 448050
858266 601194
403917 203203
968223 561479
586907 373440
295000 467619
82300 115995
320952 252778
498359 579212
100727 58229
823214 856302
244064 83730
148789 480741
115048 545647
657759 509852
249268 676514
6307 605230
299926 340113
611909 340759
251378 929087
10913 716328
416685 170401
954318 476632
58836 479596
991500 276643
260816 969481
28892 454830
651180 752550
585994 482774
470545 128716
564759 878504
171420 223128
819432 922595
184722 450881
664693 603184
492815 149664
797932 95590
315659 445210
354586 667849
112845 848641
286808 775135
163145 572524
275159 534472
782547 227455
458545 407532
281892 226391
287435 60396
712078 424829
330726 571038
700719 805028
762952 319892
374218 167623
487138 511153
561144 488469
648890 824873
850143 107335
886133 578836
185429 27755
673369 895447
622194 229991
547230 718459
54618 544865
380560 501619
85377 1817
770045 458500
756366 705563
199945 440403
446937 724393
836703 224749
191868 258103
190076 603454
39936 234520
487032 67716
946577 160884
831724 502529
136581 391427
395180 853859
753225 400267
254530 619695
292050 694464
733747 383874
904317 834983
265110 153240
483371 546252
791880 179699
888684 899337
68565 1869
846433 277234
949707 301078
491043 109027
21568 730582
21798 34223
173794 985314
595201 734959
723305 784324
568643 384147
700077 974321
656255 557186
672966 605652
101939 826846
75245 482859
39076 814864
909734 375202
798735 144647
515683 97721
126270 565894
717386 775346
466051 258330
656877 319390
847066 487596
428339 968354
442987 730283
569596 917463
696708 898419
744674 329906
130158 491837
464073 969642
844576 210572
868869 987113
887049 195084
375150 476337
243 566268
795547 820642
671743 209997
542334 416785
26089 248026
506771 622191
259918 837725
369519 695111
327730 506047
413507 115816
794356 705478
521616 414418
759752 614401
775802 982226
124045 91942
372497 118537
652060 74079
207019 941272
207652 407191
341544 536491
530006 842038
356831 538736
619807 956809
982077 371311
366941 400755
292626 973410
243111 480885
257465 569584
829182 208813
460621 625643
48719 964320
779059 6361
156677 554499
114971 605342
427203 459875
160200 109914
337741 696822
599317 73929
320340 879100
171366 144143
917500 929693
149895 446462
69172 746948
201366 199365
57392 821015
60570 605905
903829 869266
571367 455393
380076 99475
594578 182514
591536 783758
531351 436148
963107 836367
655085 718748
918228 208100
318516 196847
274393 453183
309642 741341
383243 746769
423566 423872
879810 339566
607087 77976
736684 972805
357828 695577
221934 746134
905132 419123
134457 67625
980780 995909
466400 452991
446008 738508
312198 143541
638693 872397
111804 959811
627568 678453
968445 69467
817613 939877
309117 935967
675076 307529
798329 760079
221032 680740
566284 767817
167935 462139
274431 288500
461232 398662
18811 714776
860862 352003
547669 681727
109944 546228
997630 368250
839536 614216
458217 879567
595665 158013
758311 487515
911947 807781
1755 415519
707872 635073
79094 369867
645767 614866
536914 360445
686612 129768
492889 421171
621613 841376
669952 572243
256844 282951
92263 305551
923420 845678
686140 929790
938207 641419
360673 640691
745980 987806
412222 959301
978105 447048
424526 346735
959462 666665
627643 734063
443479 636082
714262 280318
525806 371773
888840 567814
35559 330004
860008 704255
968715 695224
182507 223315
834053 610060
607520 25907
834351 566827
231715 452311
248477 732133
447473 206171
421922 173202
591993 486462
933097 79704
316855 725728
983204 948312
254731 988698
578987 763221
772641 137355
548468 822939
986406 559496
34813 341168
557170 705340
149010 567387
850530 381750
706594 576328
924110 539649
490122 650756
719551 585176
702988 415055
867218 413629
932734 581090
491455 323844
402421 817457
94836 606480
838050 490928
924583 942670
195883 404954
931443 30234
273922 896682
271559 707050
743509 806117
509814 866728
161240 325274
756222 83104
363363 968107
461818 905712
194541 961272
497357 901118
902007 732251
22711 511846
265349 711758
86413 517357
663268 70365
819273 998424
825977 359697
871503 32798
474974 830133
778546 845766
719751 700226
515664 275779
612797 329716
625983 727543
477100 882115
408440 220488
393179 39817
988971 637278
24741 679465
138669 4747
724952 521422
451274 98058
178932 701781
337372 720122
704374 991065
653757 665576
812480 782015
424744 383812
862111 917271
554357 749144
496527 918576
26737 407697
976544 94599
479236 294126
960948 786037
632674 561140
785871 315027
796693 946676
936864 247594
603910 709101
518051 89167
719033 843958
487875 468261
827814 148752
616189 525723
548659 973078
731735 690700
6186 256472
238615 554243
148059 518746
292383 140182
471608 37121
220752 296846
949805 75408
784658 448199
359937 302120
82626 502973
833234 469009
60619 257843
171383 171610
920071 856756
782507 691917
727349 257293
884397 425450
645936 4820
478066 450267
709364 144466
774385 59877
511241 140211
507342 334966
345393 652456
734400 526669
562770 953492
993561 771045
148262 334033
476213 217527
319383 119430
360336 855008
75379 527710
366283 723303
224866 729966
704722 710496
724348 493099
273775 952524
505657 676758
440489 996886
984527 967205
971329 710525
148205 741658
577371 669963
19436 919667
111776 493906
758837 705435
449853 161025
962770 892466
249922 961574
173192 15681
574611 179024
675091 401010
113629 101683
42076 987584
817385 762405
545269 676625
500123 232247
299468 419665
872417 487227
408737 439745
67276 476170
774809 630555
71105 948097
190310 349320
817280 709319
706316 29181
53058 88452
723157 479191
30935 616263
54193 5332
931445 672732
832265 434133
49325 155320
837363 669518
254675 437979
166295 244556
416207 817643
151847 966419
217173 403402
631740 389862
19111 235979
778744 273634
979960 242771
78265 321405
838440 793325
604394 190737
652587 927396
879623 604579
765554 976628
760216 208116
128246 577815
168277 412854
561891 145288
409722 440592
991873 167920
669486 900454
244889 527280
633425 185228
6946 912996
217930 460628
461633 83233
338842 736002
481359 607918
296245 13338
850228 955570
674276 853514
945551 519285
308752 982835
459495 762601
937451 109638
981987 994086
995905 305555
783202 284561
347673 829267
68890 866241
486214 528088
175320 793254
627599 606372
281744 423023
862169 127475
436248 294113
453912 724664
13105 749837
463290 185745
83935 15045
894128 330656
601049 533580
657439 591548
781747 911046
686103 613953
309635 464121
273215 145107
450663 832057
148807 562196
321178 496997
547327 646019
718877 17606
982064 989182
40514 908450
53047 81102
509080 549564
761150 532840
507386 897186
878513 363517
949491 678211
128638 888256
279124 1573
675046 708227
766840 257296
305806 693016
981446 720655
205087 343595
636623 375841
501616 939855
417092 133081
223806 710446
679673 666887
119105 531089
961461 105257
292486 291685
355055 995621
458089 771772
225289 215716
228687 417728
313520 306687
433266 677392
595668 10344
519014 939109
70176 824157
207244 686895
567291 331245
847090 175987
455125 194190
7057 156294
585495 279347
228787 496333
489453 716873
706262 104207
524370 737086
737621 198280
505916 258052
677559 852341
763235 254128
72678 480759
902619 70056
674864 957117
282101 200615
74054 816027
449805 685935
169172 198151
485746 592969
467998 39218
19331 293793
527631 632932
713331 339876
250706 75279
398727 620735
12609 413185
52335 634447
942234 411682
124160 504943
886619 457933
995128 715349
662929 633857
571596 305198
875325 248809
963478 106247
798868 805621
731611 901503
771872 784376
322553 296060
209652 44445
411787 560135
564707 878205
34931 581538
76084 931278
483457 731798
519728 318158
166039 775379
782397 922973
325997 660653
497351 262794
57259 703186
761355 109206
395892 745637
215300 295654
165193 964030
664608 684413
202877 733533
275361 5150
620675 627405
409701 312244
222907 377014
630524 796066
279402 300043
620295 86149
617129 770883
576038 681209
487217 845377
398066 214389
176344 75921
830738 254409
230914 638353
348117 942500
865375 393694
975161 588698
466232 387354
224816 179544
362271 271904
335083 4710
745926 841775
901678 964271
518899 68218
547508 149029
262450 914778
523066 294418
535313 97682
689781 613787
741652 14133
66911 78107
967914 980180
60761 944194
56888 154003
972704 817939
751904 479190
521112 691849
548900 559467
160947 620650
433737 959618
127750 235340
825553 572896
96826 542471
992527 545873
434609 200447
88846 109520
232816 511707
637570 24399
342929 627734
159452 333579
340373 638574
268042 296752
559013 820911
498836 404404
349640 182105
516728 286226
461789 462876
635072 617357
428135 896106
493893 404610
430575 176684
653174 595635
898807 547757
62848 601008
615759 858761
245352 201654
603554 918309
248173 359825
125615 459144
701343 848395
966362 116429
650798 754233
126542 715531
661148 738620
864120 912904
220438 592361
519904 883021
9479 574815
353666 656799
949083 116598
644077 972331
590891 142163
474919 399302
393082 767187
571090 119056
404949 490375
240115 197988
995417 996826
102025 978856
157281 210218
245270 872975
177232 725692
958150 560128
485385 20933
333947 688181
84651 192350
42998 693203
600406 830689
183160 799555
794857 233848
107453 307016
920990 610841
15227 819163
251393 400731
653421 635534
44954 114257
612962 985796
861322 429584
271405 419748
121783 678683
426437 731770
904207 102235
180541 518124
837181 9259
720907 430869
899580 279539
311928 322732
311217 926392
532143 617009
911509 605056
66342 359093
841956 553956
338417 196618
632846 335907
958440 757716
35355 122875
553884 466548
363408 217479
689226 338444
5646 542367
923737 592419
517481 129524
245536 256868
888300 908363
710075 467525
29222 585862
373331 797086
512058 743696
361054 484712
741099 253996
333896 194199
400560 997510
562006 755958
943967 976975
185447 3589
592470 941627
524371 271647
846866 758321
799087 891094
31279 25781
164335 539226
411054 746428
504651 738211
934282 974667
304717 125409
398342 788745
713815 223985
335372 758004
798119 192133
517359 84379
2976 887806
532205 60293
269557 972485
598207 158510
934586 297808
467743 665309
56483 254410
862145 854010
10131 818622
484221 39051
112801 144000
497397 11368
519982 751633
708891 400707
559192 985363
957315 970117
521273 809010
671575 400542
284368 154965
183780 973987
558348 693186
888669 995799
993347 860495
551633 185541
512430 590461
632304 24153
585606 487021
118851 311623
343404 114017
845483 641890
63292 162827
983791 252059
639117 160987
740460 50465
849149 125684
316515 186365
695673 110265
238537 315439
569514 645850
244172 207412
238259 260434
725971 411500
772259 874409
948518 167406
633300 833517
861644 242859
524908 471819
535712 710687
916293 314056
380760 183966
278575 92014
332280 326390
373203 955795
388666 432159
74989 542370
917622 921420
853554 572579
414365 121556
505395 743507
793938 941936
407883 686353
791719 36766
767246 593160
726502 500964
754546 56208
25527 892346
869465 683035
256936 981210
747401 627951
562564 920909
555996 868686
493742 994081
992428 193176
650986 164536
662820 643918
127402 377531
347948 72053
326264 477436
752475 182453
195163 228537
955164 219670
208538 446181
182923 977554
210794 862345
956663 154327
448120 992280
672104 916431
206002 306264
975678 205844
263024 565509
977529 397352
471334 351345
622193 240504
571423 686671
876467 599169
698065 801640
903142 820934
706201 596782
277685 692769
793108 137741
495974 516503
89304 783261
959137 839220
214180 144941
986824 800090
907992 816670
653135 996538
636976 769233
163476 712680
437356 201004
632038 408523
324199 94301
269021 694351
146464 461222
381056 381997
835880 214093
80375 239581
717911 96308
901489 599052
807480 15290
910678 13213
662581 321978
534620 965847
570862 65138
472095 175467
96317 926141
164162 834744
381744 757826
373829 5070
152424 772821
433920 381986
522795 664066
830652 807307
789415 858364
473299 447912
585252 892007
763418 58024
333022 339374
3309 29953
407356 78830
95301 267777
372667 238135
181753 241108
736621 402474
921605 675733
859981 710759
326711 253935
579816 79282
142327 306315
195599 309540
528776 971796
609453 580672
609093 747291
604462 478568
49673 8570
408229 146038
512389 888984
944044 521348
687556 720059
567805 849545
179077 541365
530808 398697
726663 495584
488760 898687
207555 874432
923064 190811
408806 226793
442992 226474
691609 780444
925726 103902
947991 780793
865013 797817
889685 429785
179099 804556
773701 891105
363291 350389
81770 181027
454334 956170
37315 779337
860080 805774
608675 304402
38956 942928
808073 405188
385850 665341
57048 388517
783839 901890
487994 901966
384670 871791
889744 114885
572311 755803
991322 963246
21314 465730
817319 305725
103746 980789
257535 3722
756174 805251
787944 489490
449665 418152
918432 196996
72114 411204
104707 569417
127833 489841
408484 910285
427230 332752
769413 693479
522820 503836
726767 354746
121645 304289
167362 869084
981734 870423
367376 710350
612250 383520
220667 805487
890241 466640
60111 154780
897734 891819
468729 956701
186302 942351
775254 767448
528165 688699
895796 338463
435319 184255
884249 726255
980143 905533
923005 487657
819542 258746
329485 489594
204550 484281
818278 882590
835093 716231
447135 459321
139508 773308
151680 466381
603732 702220
711314 404248
981382 216383
808026 352661
352204 152602
936779 27918
933703 696720
662505 694351
154690 794529
104461 198176
896012 227753
215083 648120
720215 323393
179687 772162
758081 289612
760564 156486
558127 614886
41319 992435
334866 913586
800578 767215
773108 214321
243555 220357
481604 97550
558328 68467
11471 984602
975660 488902
887714 734830
391452 32532
132753 351213
680432 41408
469076 174097
444742 650312
376988 937383
549666 854105
751905 925712
948111 713749
722366 676167
279223 868216
827041 171207
654490 117709
838384 404414
209761 858596
822707 523496
746374 891704
568248 669757
486469 787693
566512 629994
299436 64638
886475 577415
866992 565116
83906 224187
677663 150830
909821 947153
651120 861253
257073 143827
495208 553389
130130 356283
604501 293684
156701 577490
523784 766303
728899 846003
576581 162702
561591 464313
575481 246878
594833 841470
431656 792090
979880 289187
165162 801338
587201 363392
482029 217151
425107 839137
326331 753433
40461 998713
500507 100491
585491 969912
209103 688397
54851 315647
816441 349328
554799 858292
349229 413815
375737 604501
913184 5269
862661 904752
619640 183198
658297 182690
925139 114948
943236 246213
751181 600072
44550 935947
618798 48877
33984 360997
263000 571630
725099 771979
638572 138619
513350 577580
166557 406496
201435 851698
798831 283249
349901 421943
534081 274647
893005 94662
814172 933439
204265 753271
199035 820336
237522 898398
13433 109300
43046 700642
122332 384625
358498 140058
882462 839841
902173 854380
890685 670251
535740 783730
774822 996734
188311 983314
869803 839839
289340 161972
643213 351327
625128 603643
918790 99978
398976 210105
850944 632406
426530 371325
560718 384403
920842 325262
57229 471400
787251 245624
98076 433444
402565 561270
40557 551952
105555 11385
843611 82238
207121 673111
105736 56667
405945 354349
594815 199860
161445 261540
985362 422171
921818 981315
541393 700862
287490 439269
187442 211605
330414 941122
345524 945032
579523 609104
65529 249297
704487 677862
991574 898432
589319 979103
145959 747401
927275 859144
292438 177713
842086 167134
110730 553350
771735 95335
841770 355992
100734 591981
641964 718463
673407 421804
747821 997194
619171 229253
161324 110432
682191 174026
990411 660520
351908 894809
440066 787946
796557 703969
870667 465849
84920 645044
583224 262763
450889 657447
662851 958654
243962 630939
685523 22854
631866 681036
914266 16811
94450 938784
455034 408311
289682 574796
124719 930978
796514 578846
480207 893071
171267 626498
315286 418668
68749 86342
333487 203042
162115 110046
866377 845789
298662 670008
355929 821095
196505 282211
282508 987583
339803 304195
565661 139940
689514 636994
341371 287603
176434 898142
622757 963346
627292 796956
862808 214861
425367 671842
212670 541128
582121 364075
840951 510395
158153 353491
70138 70413
491046 650279
853603 74674
435075 812643
533705 304354
215032 373611
513115 591454
85775 187802
825447 868301
199054 572771
760788 517806
934235 44133
756475 862775
188925 369220
485156 691754
404355 624675
929681 46867
311294 114479
282628 719365
252890 950213
161546 230545
903284 173116
618401 952179
978381 614368
486233 632445
719504 309419
755656 291377
951413 629895
770093 480633
438749 277088
429905 887624
856654 251030
643318 839428
440001 698286
992728 245634
999831 673545
483969 622182
297227 822293
905203 347527
264453 995065
218115 481585
781754 168133
590761 189849
606364 998819
904881 941458
241940 540434
50884 971821
960036 800224
209722 989597
520986 769070
52427 653935
423855 562617
836491 999723
850340 181404
378130 496134
645187 535896
882425 500146
909112 491298
136120 638027
496189 857114
620838 899640
792993 341137
432762 573659
412767 701324
506519 322130
335823 146782
597128 161844
94451 184528
932179 538157
594117 127736
409041 990599
210471 840024
588640 308930
854382 130993
195953 794353
668801 881349
473757 696347
434444 612683
307798 582540
817685 745290
403017 922702
513322 97258
201533 81458
19101 984041
259708 717765
757027 148110
479681 738702
810275 769938
966152 67579
641074 827173
545068 452062
540110 856150
209853 486965
942061 883047
760536 433103
290965 728371
530868 912339
256364 943835
775977 379104
149955 99487
547046 399080
126237 397046
912032 790864
116989 682137
716812 815965
583231 26086
458135 744678
979888 889303
674422 288352
231583 739462
72686 484302
125394 210721
652551 973733
626713 288414
531781 840815
307779 686136
68031 655467
44971 657219
728836 862835
82327 966318
190541 198570
636540 456469
364049 756757
814057 939091
944 707392
467960 33078
298201 329354
279428 276673
189175 139566
324218 102297
835515 616169
813659 650639
730272 518560
286800 562778
130228 132565
889889 376470
512903 58606
818025 339632
241716 264475
548030 251857
282194 598571
841767 725302
794198 606795
960394 95344
91133 714797
182838 987672
36092 403988
824707 685525
91121 391349
63911 870590
265322 727491
353224 197475
878915 868687
4269 911703
928797 298618
725115 432776
518365 288559
33816 118229
977748 83223
374607 84195
294091 309903
444281 121937
699254 438480
887256 953410
342945 166340
987663 189597
833894 226065
228273 254409
776451 132864
445226 938522
759527 622506
893540 506456
381593 398032
856985 776513
980237 592136
241218 548592
655935 571871
357897 649456
986512 764954
802654 1528
17536 351269
643026 140785
358743 988148
354722 456112
369462 980722
990149 377819
49872 615900
666503 13462
119599 30418
231644 177950
559304 884149
468804 94508
461180 573442
852897 347597
485704 31496
721461 55830
186062 428597
185763 899272
617763 497694
268631 184396
94312 838686
599307 732726
875385 849608
882843 517354
467070 621623
884504 996141
595761 228203
836048 758718
531401 37150
17147 153599
427910 383089
585078 659930
508791 872499
36159 789665
307730 651820
606624 919521
845145 643505
366279 177936
749240 123805
485703 575689
133849 350706
829970 256320
235158 228559
327275 285896
354887 138784
700108 281915
555844 908660
974718 272265
382540 932399
466617 794417
870313 94195
679677 945043
286038 217237
159267 930007
153994 509460
488417 567461
950608 579307
351386 482490
427414 923560
928861 8353
51811 633134
566728 269199
632464 399155
685477 840819
940901 416216
654398 445875
625449 89140
721491 273073
805744 256380
164556 417938
883889 620413
190836 718898
798738 375605
664834 886495
533319 935070
761933 613525
201959 61010
862036 86426
456770 81857
38711 168803
684358 830417
295892 48343
330651 637596
529025 895323
821664 328769
615259 892039
413491 692653
312267 335003
228461 203216
564681 597915
587234 868705
33152 186945
39458 414668
889599 723193
987406 989390
412206 975054
20565 276213
183434 154771
128719 473837
937909 455647
24162 225322
858488 886211
556948 145408
13075 705228
63347 455997
423589 395844
768458 794115
681547 750846
688079 820353
410774 707272
929900 161378
287061 794665
897119 320199
472917 837326
880205 67821
317235 315171
241633 398949
770068 20059
261696 301059
672581 84927
687723 50881
153368 653026
542283 502001
746935 875816
788390 688671
287372 525471
113871 686746
155705 390079
248307 458648
874090 677437
818094 602406
107106 379326
807177 496666
434582 845751
93137 872047
691582 476157
971638 460348
468957 34312
59179 7835
948794 611040
183195 714226
36795 62879
969774 310619
785284 601782
293568 263951
498037 67687
238359 251542
985964 196451
476255 509740
238966 518619
359133 74660
146606 324740
854541 793631
555337 853896
274159 292408
132304 672547
76771 57188
751603 131890
734281 304657
807944 353124
108067 683436
246749 693313
936275 306158
469193 285571
869021 692346
23225 306697
267788 248780
807243 373547
272061 729237
145216 778063
966983 749952
540951 740664
175589 136121
373766 549433
801750 459393
751433 360962
219914 123229
319824 181338
664535 640396
689159 68864
736160 917921
386723 666649
390878 411437
826210 932997
389557 192734
491532 117759
486340 493253
343536 476332
845341 306719
383877 717802
516989 492014
701975 556076
414502 954894
949889 957890
463715 2691
243491 872400
661819 57538
560057 125290
976792 383555
82733 473818
691175 967818
866807 355118
133067 283773
916898 579575
701638 188532
247136 164106
160795 458656
304997 888742
473452 84697
927123 688034
280697 718300
123822 624967
215891 534909
101370 26666
378723 910855
990136 805551
392120 541165
520390 315035
25503 576771
476145 37943
907900 700189
494190 181472
201099 11686
817892 742139
271424 699969
841035 435881
177607 779418
795873 242917
107231 913735
487409 162526
353149 518376
811334 767848
306763 314649
388802 385710
516965 386756
709733 92062
685426 358788
347802 892837
994149 827933
96719 355348
263115 294243
769087 972513
710802 123419
301051 727287
360995 791481
205455 56818
981537 458307
965991 993350
297000 463620
390229 867215
500871 5804
762940 461596
890519 453398
11420 823646
204891 820711
962985 232645
730865 81091
79912 324126
131260 894543
34793 484169
355598 781346
749371 424975
621125 765008
623672 496610
40577 844539
373453 335113
363186 629624
52766 869914
369035 690229
911839 506127
147899 579269
675614 985618
936856 160439
343434 320248
532557 120472
468931 918685
449406 729093
278706 390272
411523 970372
142324 236647
237477 53785
387553 621455
129623 925684
925810 422553
324367 671304
350272 643820
87705 951758
996534 595128
888460 737011
454532 737609
353752 690885
204535 810431
41516 275811
458058 584270
796137 829062
31626 503906
623670 531845
766848 531832
678552 830363
21944 417521
842861 176571
139991 995683
683322 918952
624804 571985
215811 875969
920309 960750
525844 297475
324594 917896
28795 462488
107125 260393
103988 652938
140121 952437
612035 296100
798241 293031
759714 832373
788385 894023
528927 676789
239028 285711
911877 660404
852669 758720
326259 670540
355988 877646
145934 52357
792765 642652
828315 803092
196869 634568
552817 714628
651799 225542
