1 10
100 200
201 210
900 1000
45 90
1 50
1 2
1 20
1 40
40 80
5 5
289 20
345 357
450 280
426 352
105 462
377 68
445 97
361 327
335 350
484 259
68 76
322 403
392 14
311 483
481 483
335 163
172 335
153 280
178 265
99 379
149 18
183 466
152 398
131 290
146 310
414 112
71 180
366 51
265 476
216 375
48 77
318 97
394 53
227 225
318 24
193 299
463 408
4 403
327 341
219 63
200 64
28 4
495 151
51 429
418 377
435 140
420 466
152 102
263 25
117 137
9 375
263 102
448 379
153 70
355 355
407 362
128 427
489 320
474 15
112 369
317 152
419 477
336 5
485 234
222 401
419 339
182 157
288 417
477 328
391 312
138 365
353 491
401 213
283 79
235 163
116 330
430 148
245 393
10 142
292 134
221 259
220 121
285 409
133 150
396 462
365 248
344 254
111 75
189 226
111 191
138 431
83 317
52 84
119 118
349 231
495 494
182 414
122 83
86 274
254 215
23 478
188 122
343 407
172 390
445 153
14 133
489 58
221 243
136 462
191 336
414 358
94 22
281 10
194 310
454 438
405 360
190 74
51 172
452 188
104 220
335 40
46 292
377 69
334 443
424 162
162 345
58 215
236 21
13 139
7 165
125 436
363 354
316 130
268 358
414 361
344 142
352 51
313 222
405 23
71 50
470 100
401 421
135 23
376 83
219 114
304 66
408 233
260 1
182 114
88 162
367 291
97 400
488 246
51 205
477 134
10 466
74 344
444 120
324 55
399 341
228 309
203 360
168 262
302 8
441 330
23 111
467 366
183 19
481 244
224 419
159 51
384 207
150 12
486 442
444 383
379 412
61 437
339 191
181 200
228 177
277 474
492 78
475 107
423 456
151 247
175 204
47 83
31 215
241 476
210 290
283 209
478 119
337 118
440 52
229 322
63 85
200 185
393 417
235 323
63 272
267 392
390 215
499 321
155 495
212 497
110 35
19 371
349 247
481 39
367 465
272 319
240 380
27 8
434 342
208 64
201 484
482 454
158 383
448 232
7 321
47 421
153 149
260 2
309 391
492 223
428 330
252 361
451 298
472 59
227 241
34 82
451 229
479 378
249 354
382 239
256 493
472 219
77 248
123 177
315 362
2 367
171 400
92 198
231 137
397 298
262 70
428 351
355 494
129 189
460 203
36 140
175 177
384 120
334 103
343 59
61 193
84 474
225 172
275 374
323 400
18 67
36 157
182 296
49 201
183 259
150 20
49 333
182 141
373 484
259 69
1 365
59 32
37 415
292 72
280 33
269 319
185 232
28 39
143 154
416 461
93 158
134 215
415 286
389 486
35 274
314 179
368 434
2 393
469 79
103 130
114 217
451 411
437 255
433 267
336 493
34 324
158 262
380 214
374 486
131 463
295 185
153 142
4 483
304 460
436 262
217 181
342 32
16 255
346 274
189 67
263 136
439 465
24 478
489 2
247 252
319 130
391 82
277 433
12 414
284 225
65 143
113 322
351 293
228 130
123 416
357 286
212 349
218 158
126 156
265 280
106 126
135 127
246 340
415 95
57 468
197 316
76 377
297 256
490 336
59 419
353 37
416 75
363 219
51 165
368 355
49 475
44 384
348 153
311 194
447 469
58 7
266 280
18 200
125 318
325 226
163 360
479 186
322 254
462 380
245 282
24 265
223 7
214 98
40 222
460 41
245 247
332 455
148 215
462 231
280 18
101 209
199 259
484 66
229 499
467 208
303 133
484 309
13 55
201 149
54 338
189 369
499 223
250 410
248 462
460 68
284 488
394 460
432 236
439 114
123 27
322 93
71 165
378 311
132 490
409 214
306 425
34 282
25 336
12 419
136 139
284 408
303 320
394 160
241 19
33 205
111 205
251 122
367 20
341 162
348 318
383 101
427 438
46 486
454 47
336 236
188 497
84 58
108 466
412 459
176 113
255 423
168 325
208 182
123 9
407 274
294 385
43 56
193 91
369 387
497 61
392 239
485 283
165 264
403 27
437 458
478 349
363 33
98 57
57 161
481 309
381 197
291 86
187 34
117 309
100 134
189 223
364 253
484 220
316 16
326 415
82 142
447 439
418 315
1 7
232 320
298 396
242 277
285 86
350 210
371 111
415 60
278 348
349 58
114 126
75 273
189 457
324 428
189 99
228 155
166 56
475 66
7 137
178 482
370 212
334 215
104 389
133 347
294 348
328 383
94 440
285 201
58 5
493 319
152 251
268 111
64 324
40 493
199 192
241 329
171 424
95 373
167 82
358 265
80 234
156 361
57 17
72 464
310 457
196 183
110 164
258 150
62 303
256 453
142 323
259 442
397 395
70 142
238 263
257 352
471 173
87 434
209 317
441 159
157 410
327 103
76 339
467 474
71 494
17 481
453 388
389 460
439 205
25 88
58 201
157 485
111 430
163 274
479 195
297 53
228 131
469 10
4 346
133 118
157 423
59 26
289 143
391 30
352 19
481 480
238 378
118 5
449 270
294 200
167 29
28 211
457 231
426 404
95 290
447 221
481 63
412 358
433 7
378 254
251 415
270 319
153 136
247 196
106 496
13 269
176 244
171 499
24 418
216 126
416 393
142 175
357 284
133 333
346 58
53 166
400 162
372 457
57 453
361 120
398 275
468 389
229 262
92 419
184 484
80 220
9 201
93 249
278 41
132 110
314 349
230 17
424 4
387 379
84 132
286 405
171 478
413 25
129 116
154 315
369 156
438 441
213 206
49 460
45 230
31 347
123 332
69 383
389 302
484 255
279 92
35 357
3 346
123 339
452 162
453 28
14 483
24 330
82 208
406 444
471 105
430 342
58 428
463 271
198 470
421 168
493 245
324 256
244 294
448 346
266 3
302 195
302 139
375 358
86 334
65 99
282 301
444 219
406 102
233 438
149 195
360 298
311 426
65 116
480 197
191 106
469 458
348 329
259 387
141 243
302 26
488 327
147 169
277 118
40 263
356 354
463 208
131 487
26 483
363 226
45 476
155 330
50 269
413 148
62 42
369 438
446 390
147 487
246 484
399 212
462 68
398 15
104 495
462 257
321 499
332 451
80 98
153 189
85 96
32 382
406 98
308 36
465 369
309 374
8 132
164 292
181 27
39 340
162 283
25 172
439 324
402 341
309 46
51 474
26 476
403 372
245 251
100 284
481 302
455 373
336 62
416 250
153 446
371 43
78 391
349 133
81 241
33 307
44 477
233 371
116 461
400 260
302 399
72 398
194 103
378 306
218 441
33 84
146 388
270 55
133 22
193 315
355 442
316 353
64 278
167 479
230 478
390 74
45 353
192 175
405 127
383 172
349 257
451 278
39 329
312 468
47 208
465 421
93 312
247 122
472 246
449 94
35 286
63 395
443 345
169 32
249 449
380 168
108 444
357 2
260 379
291 359
402 219
450 306
327 464
28 319
466 468
247 349
462 146
133 435
80 288
69 130
446 56
288 325
28 247
242 98
41 29
496 292
236 479
416 243
251 418
369 71
468 230
111 495
419 437
350 435
374 6
81 184
43 465
498 352
215 464
486 430
20 91
5 27
3 85
202 220
214 465
339 79
490 262
284 493
326 441
347 355
186 317
279 169
68 250
383 280
111 123
32 440
412 25
214 158
362 342
482 492
54 174
457 86
349 369
270 77
83 128
30 220
398 83
108 346
248 58
372 379
100 464
387 287
239 247
127 13
93 314
104 359
233 264
401 317
223 468
327 485
176 303
3 259
26 208
307 142
355 327
416 54
161 32
308 417
436 208
457 115
263 49
212 426
349 82
403 413
9 170
160 306
55 258
26 9
44 132
398 194
291 59
217 372
222 191
237 62
441 54
195 332
38 229
386 424
54 367
122 174
6 152
458 56
334 480
485 248
122 399
237 495
239 431
467 412
487 409
49 212
372 246
249 213
149 289
271 359
396 326
403 464
107 12
431 141
216 454
303 232
49 237
433 368
52 396
290 376
336 232
232 434
151 429
267 322
410 164
17 315
382 500
375 219
361 264
314 11
77 317
184 343
297 88
402 286
245 475
112 277
394 245
217 285
71 154
255 102
170 407
365 405
388 378
356 427
441 85
435 386
226 242
306 133
217 2
484 85
466 497
282 171
251 386
35 322
44 324
177 451
141 428
394 434
247 438
192 166
131 247
339 125
318 232
72 57
472 79
203 487
24 134
346 443
297 406
3 55
270 367
479 1
236 299
203 186
149 208
177 329
156 46
317 19
4 366
365 21
80 329
296 230
197 360
59 132
367 393
236 414
267 457
213 35
119 214
273 154
151 437
424 408
253 175
10 223
473 274
52 17
466 260
276 100
231 163
380 16
396 300
153 463
363 422
246 282
157 248
187 117
196 335
137 337
293 486
31 469
16 138
21 464
120 177
157 274
225 235
160 7
290 394
327 470
468 330
398 420
403 437
485 127
96 270
171 141
407 327
36 456
177 88
212 259
288 308
271 156
418 325
282 274
81 42
235 307
209 310
493 307
156 341
216 156
405 412
371 283
54 239
124 210
57 388
368 225
467 98
299 333
84 292
470 204
325 421
399 76
274 461
1 999999