543946 847963
130514 27699
118291 662290
509210 789045
364049 249528
4239 634915
888481 323178
871160 658857
244565 865571
650282 912513
181515 574262
512486 559545
370709 85290
870550 330504
234918 668120
609838 239509
263974 91840
628253 474486
693108 966769
925676 798342
111044 168851
859033 70006
299976 919748
815498 805964
249568 273284
829678 155419
429466 168704
456336 348734
91706 532168
555067 680276
186263 256659
464671 752738
359572 270786
687561 376830
501988 779301
493962 547294
396449 856702
161296 437517
439819 765569
104447 901547
815165 375532
837692 738419
346280 684158
731367 764844
313003 545432
239860 128612
354138 671263
772274 899069
668279 822841
663578 137241
809750 598957
333716 416907
717787 211245
516289 259806
928887 837492
787544 232368
288237 215976
921390 618107
641664 281765
550407 588331
890238 643909
847897 751177
510904 691748
627210 434812
753728 706337
943916 558877
9639 953289
695880 442668
858791 751734
921473 823411
718737 679217
231601 744557
83950 205194
668238 32259
71505 583483
840191 756810
654080 488491
941227 490833
262751 399663
290733 484730
150091 535578
954991 425554
725762 568679
187343 30824
448515 279479
72578 296118
968012 644644
73266 83841
537788 181374
915511 747374
121068 25452
556270 423218
674852 505653
593105 294723
302493 192063
214406 506129
829683 884229
888067 164238
237968 551840
601748 569606
660092 436401
183892 752366
357070 473903
79789 478612
571740 546287
433574 649799
368640 568693
536773 615894
509007 147136
890580 147091
276097 184502
144453 937345
2961 448339
881087 45901
881992 276822
388353 850476
527878 860765
6837 809052
391398 477321
888046 378854
863287 951896
807512 632686
363348 775075
113587 844378
151762 694594
648110 580440
653341 537741
283677 484716
235407 432587
784501 443951
298046 722138
486243 947813
198150 232654
979691 199335
966708 559707
988124 916438
763628 926014
503033 954292
475484 283671
343929 256926
183796 315815
462111 924867
25861 127109
788707 298361
481694 791576
449151 721493
552427 252384
184513 512595
826146 786011
664719 458496
45443 689515
224401 643001
945786 341604
594679 301935
96045 775479
668933 937353
710713 954760
464973 215828
775257 944456
858250 73588
588178 218511
633803 729094
468306 994580
658508 509004
537027 993387
356544 42800
355253 149323
630328 499916
518517 144270
680640 87652
586221 996388
15643 259497
99009 314113
127806 379201
656196 552714
50527 766932
671313 659784
726519 295517
33299 134765
645055 94323
937423 935565
816660 288149
403228 139011
240802 420721
234862 809254
531282 210779
690372 808380
524804 657318
573306 755126
736413 796616
943905 608540
816998 352035
554050 28979
499875 181551
806334 850393
351962 568132
483335 571668
517749 786561
499009 794963
351726 181801
751246 370096
585944 764867
613170 276808
272349 686515
285538 31721
38617 560603
925802 332662
494073 462162
526869 374320
659175 690349
659201 47767
260830 740074
310433 441854
229384 846207
345259 816157
453392 331202
905703 971146
930325 152714
153916 84530
578194 688967
174355 728105
491219 960872
723855 54481
130797 6671
2982 549435
23681 133400
519389 159071
108939 442917
540187 986923
265228 88400
690322 937041
539313 300222
927679 767357
576327 196526
929307 179618
247589 609792
736577 662009
155261 936761
84297 589967
742332 144718
636432 415725
883636 557714
48549 74281
821119 14551
851362 45649
804110 900481
670685 936061
247795 704139
865542 240207
534888 509449
195035 470461
309227 702729
289500 974708
344616 858090
254592 710274
579902 789429
206567 367920
834195 674044
59577 584440
259546 974683
68351 292341
482015 227706
189570 405067
842314 852728
845799 169965
848454 549552
671110 523210
303062 541378
565569 549071
541141 487735
644449 729574
698938 548881
475151 573658
97738 621988
499011 349128
631280 429075
658894 826596
230033 446667
387418 601522
510330 244349
729089 90962
301472 582541
890138 759898
153346 4072
325950 95811
887260 814625
392793 425307
84986 721176
416784 949668
698476 941011
345272 967494
113911 724155
795588 831872
795518 79962
995504 345097
393801 682270
430722 845319
806786 832016
629875 932042
468886 109400
49805 670312
193510 117530
969358 860792
132362 129280
34316 368558
14563 450507
86469 303969
944774 854786
211568 315742
21874 64961
726566 632349
739489 853863
432679 482779
265555 459285
604624 198899
533504 986562
406705 445122
337671 65329
802277 714802
968756 204593
279085 8100
840644 729262
432669 689146
912546 902905
102671 19198
75175 843623
426238 520645
372141 6355
750357 598592
427867 62655
800440 302543
697893 658007
345078 638496
700652 67342
356627 757571
324777 132031
116795 701843
907820 895273
598995 402626
357255 861717
809285 43826
746569 770055
797748 164684
635506 199976
780058 272738
354429 25280
238320 326362
513003 431718
878022 519475
752758 367612
432724 928658
435498 611774
357188 640772
132990 539424
519604 319741
625888 761257
963977 500697
364271 481034
513861 248584
371297 917957
515428 448170
266716 570830
116438 475974
387423 553099
185112 351792
540303 351084
907550 307403
547520 896939
574135 544538
492116 773062
554163 387320
358564 783612
377498 778642
884847 6502
62547 223406
751553 982628
158512 16166
608084 366940
120574 706425
235395 449904
92113 559377
19606 131837
299795 522537
263156 700666
608630 602544
572232 308590
467359 730350
597951 564150
277082 296570
504436 353760
430309 693912
332697 304871
928495 711439
739909 75518
337613 201179
728190 38334
186584 809213
806205 202998
768509 355369
16163 824196
126301 378826
726839 556940
890615 861785
369552 593879
763638 155425
617136 910513
193477 204261
438679 581233
206074 614133
246546 745662
927141 857644
988626 741424
371128 174324
812313 39484
637482 121142
664967 759229
26542 123257
848708 551707
45816 858472
947046 243701
818096 12370
263489 16156
728604 554032
291821 110633
504428 358090
666219 624787
97232 801477
208624 464918
536599 913330
13198 358366
993922 494985
332169 934957
445655 640919
125931 422045
497406 68471
750259 131194
17152 290145
359758 345359
910823 80539
855216 962079
879959 407503
273454 917805
109627 424660
486901 169286
867778 807621
24307 936976
68255 905498
314402 536973
680144 382051
353281 946712
802999 328154
85192 687634
47697 298485
647348 614473
263676 664557
239103 408740
96713 486996
845548 389536
197588 983602
872221 678926
627638 616552
195828 352278
519 512999
44268 537746
766009 153265
985684 680668
989562 683075
459035 335936
248229 753003
559379 155714
469434 778052
116966 721229
633328 337283
824679 955905
39416 744707
510647 286984
455956 945932
400705 971500
89627 428059
461192 415330
533259 541267
684088 969462
744322 268102
62863 673774
690307 396571
616045 822390
659356 294472
329400 488700
364499 55007
416185 328285
181793 311310
502631 894085
575977 851915
948551 17512
219729 611167
442005 322723
143376 771183
693821 102863
904118 885016
333720 332086
829944 779588
537110 57165
721665 388092
526761 513992
896837 649982
955118 582895
579243 602335
474989 120547
468719 423814
991644 781409
226781 401716
771426 889761
817435 832737
676018 410349
269115 55932
673475 432444
352544 671495
697562 333812
232550 654945
224582 314456
603822 677601
532809 274686
220964 430473
975219 671307
802945 808801
659453 20130
785163 836743
766898 761141
434062 95626
102825 770281
933681 331817
549104 639810
349993 117719
142109 73647
786412 830205
510299 592063
771301 955057
845669 350190
387827 668422
325707 911900
409853 266916
381425 10004
995168 949986
673292 647262
387529 892992
922681 172000
654183 902898
535782 486498
123495 68334
421421 494293
662207 40818
553858 931458
807411 815374
121979 716978
225190 357524
328776 995780
503378 918433
815072 252936
475409 630906
176567 905932
10456 49786
875183 42605
340345 508527
629222 106946
909593 721009
789900 886023
39927 699973
648216 744637
559357 662411
510089 271493
813267 455584
302578 197413
159684 596215
139631 369012
537067 512924
303622 517314
143467 711168
200277 59250
266389 631746
346791 964850
689517 864413
260363 890088
313305 493967
449663 476450
471587 419266
263078 521061
484620 984262
765442 812642
150498 983112
105333 844513
156869 949718
277766 621336
761013 634912
697838 229877
65121 45672
1099 981090
599468 625239
729705 57623
186928 617141
850704 48484
97020 64608
563040 349356
834638 427971
188632 632178
614837 142951
279352 848582
34012 318946
159840 677140
149125 462109
844472 773963
151535 439821
360269 803787
306333 849145
771963 122546
375613 741689
479446 356731
558204 553546
343219 164267
806335 346948
542457 61950
45103 803100
950878 84165
554737 968504
941761 289455
114133 615821
323620 531973
486807 406689
317258 399634
574700 225204
428060 561289
737533 251206
631783 499221
944270 48572
336723 892319
215084 589807
419809 470728
893142 673815
803093 165045
912384 713942
519741 521365
555714 794752
431521 127440
608175 30319
451969 237477
103715 918687
992217 649277
705088 611902
860002 5955
872300 305975
433314 523124
603010 859384
632244 144899
683470 626785
351151 129349
813051 67436
456399 395228
187163 288948
369567 214267
670768 829342
359508 233226
97866 309323
828041 794833
471444 459036
146241 224976
46547 117550
789585 624540
202552 978524
621514 433315
842848 673643
77972 555331
829358 737880
309814 476085
413683 656634
615973 899846
768296 760605
898757 407817
932152 376956
403754 720403
567182 11198
409461 322312
733001 568265
926877 333725
526177 801185
843428 594692
436683 927700
957747 477681
273770 38183
24082 212754
818994 246352
633636 472320
174207 491094
728130 845161
676448 553878
858979 883101
220622 610431
295754 999424
740624 359953
236131 205108
313527 576535
580414 191167
175997 906317
19063 349216
194617 903800
957297 962384
48038 953702
587455 176537
779996 123731
5133 201460
261865 855098
756490 304850
570213 378258
488320 241374
636340 822811
460243 478199
665549 944025
555468 162338
519354 166727
182261 29645
730329 361894
325969 773838
463320 723661
388733 728308
807971 427943
567708 925387
260046 486788
801465 774306
742270 452495
295754 722
496954 475770
646375 525304
172723 105737
662611 29971
382221 733225
350 440527
735520 837581
25105 321489
745248 816519
516080 574967
399412 387362
493676 174411
101960 132586
670324 161582
408924 175351
521160 649202
317071 345048
919345 736705
296643 46578
225393 247945
626036 989504
678429 980454
574686 151564
869805 108174
67128 721565
564627 734560
160714 785237
816963 49011
959575 183032
46646 777493
618764 963713
474783 576103
847722 526419
341334 327082
172653 277781
393242 411421
937337 502758
435175 178129
419530 628623
521725 231499
421717 308693
585612 621533
741322 501948
937908 138860
320680 695478
888593 262307
518991 683488
189482 709576
178216 261016
348718 79754
358101 628227
543180 357188
835650 603275
60635 100940
895840 852339
847699 815783
437530 161313
573210 88177
873021 481404
464919 677601
723790 640408
618815 820338
349674 727160
837093 928319
698968 850729
929681 539062
131996 679257
486932 605112
441570 64983
793251 589840
922429 813799
420264 404296
176306 448760
954969 271044
743166 789457
974453 353643
754536 584246
364657 407073
859163 298452
386683 246306
536403 275511
376982 372430
654061 201105
687048 666793
999177 434249
706473 930548
976947 595426
751255 821199
207313 921599
491986 796336
592152 2395
995518 778691
853267 170288
404709 11470
710158 197112
455853 17062
461642 916003
707475 423097
738133 218206
679647 464291
338818 456821
863334 84776
207503 534963
141838 438995
529532 884301
123092 833291
908511 798839
934034 133068
420575 290374
447779 556628
604257 26027
682701 720621
84128 359485
794388 446788
736906 164766
659516 936414
747257 302683
254555 939905
538401 298904
249671 220086
582631 792620
362682 505564
526013 182155
524729 964583
233112 815546
409055 899854
513999 175827
172751 820441
282231 495155
883410 990667
5705 655979
774089 38058
855218 35494
61901 709403
557446 53374
10030 943
314283 225657
332131 203359
868637 122686
701541 559065
565905 501248
741573 68804
588674 741654
626734 282889
787140 245792
272811 847122
818091 902587
355890 208627
407505 335222
706252 226755
503867 759771
870454 751196
543204 130650
961139 484483
792063 763811
632666 798190
474758 549158
564042 469158
606583 337528
321889 429990
440606 476724
585837 44581
231178 613066
253396 256307
646182 28520
54076 809365
272919 835834
343820 242772
734151 488270
942457 123657
523547 882155
24645 310022
832651 375103
518800 300476
810161 197146
415406 565766
749734 538814
657013 679109
653439 615039
799326 574435
585825 634946
466598 687489
179355 687998
841617 980263
696468 167449
349185 671897
739131 190766
578518 368628
316564 856075
449265 203054
632940 369139
707178 895837
942835 688712
616270 645852
878823 710894
475446 672590
81597 466366
180832 410462
198852 356830
691805 707070
377913 552741
276399 181408
863026 546377
697206 150737
967534 421012
423553 454897
764947 957936
445113 765035
936274 983100
542591 534778
759467 197125
166432 431217
936892 953528
764367 245881
707761 284041
764689 924841
155654 718427
909573 319610
188220 487842
131391 803212
805636 772880
26540 933740
710658 301965
151823 586873
427645 449186
339648 496195
114452 298505
860121 944579
497498 836189
353125 208859
709922 995124
247809 766012
802815 653860
754834 913209
704996 366476
377503 554626
876749 531161
692875 784342
904331 148761
808494 957322
767572 18433
431126 980406
743784 714258
69501 578250
686754 178605
25287 988375
839439 9491
152930 516394
730628 408665
586044 346854
760422 347988
599670 160221
665900 256789
64243 163335
68335 559659
381113 945990
786847 466955
414272 212768
747809 554493
517865 318676
700727 213696
383601 875158
686242 405355
119753 415079
213005 224651
568410 413784
883049 639835
742787 320573
720704 95376
229684 217652
168752 895208
630954 995786
