1 1
1 10
10 1
100 200
1 999
381664 911463
745806 714865
465074 834547
379364 592098
344862 993358
913794 784440
530024 381725
649032 318068
356446 228559
786967 382885
742535 550483
257372 208710
684500 616103
827931 174092
825281 223105
924595 460027
677365 790949
644332 738000
518065 676681
371702 765774
99381 641788
119529 244533
886276 966463
518404 999993
780291 559036
35319 512249
184360 55444
655692 642695
801222 556605
519738 41497
790699 487757
488675 93007
781969 535164
764455 28444
569367 212011
85351 293558
451139 896022
478011 871776
293420 603546
805900 335213
590709 969416
915683 949841
280435 784783
252721 15987
224996 642980
627610 37602
620597 992391
870391 497173
379160 648902
236855 263882
442850 294804
529410 498198
285576 744946
469606 960130
910787 724129
471351 481954
603445 114928
194122 151838
251621 94002
670286 254349
735769 318161
785946 949923
342731 168717
172090 655379
369443 190483
979095 95755
825240 233177
272854 562384
412109 66287
442741 156336
572747 931540
283885 202529
720408 402989
918742 522384
631994 186317
120427 42391
957454 162206
861775 998254
850476 809498
174065 148783
347198 475259
289627 934599
573217 682260
196806 865081
44252 426694
20162 142070
775860 858154
648944 906954
824828 696983
60817 684505
623948 94809
563619 933962
599144 846766
58070 356262
867525 59760
620551 665287
882502 37553
638254 292420
213722 701810
713344 680501
88442 300624
365684 406767
914591 190819
189491 169651
72170 31918
2052 642908
605839 631996
658609 251482
463624 759640
262975 200549
548619 148817
727362 23686
396775 573925
813972 135148
76477 501134
714374 333469
4799 920057
647823 620103
758704 105942
436821 559348
563702 752247
978781 202841
178229 328282
650451 978336
743130 90402
829130 110017
707448 469413
593730 963138
22257 969778
836558 126642
542731 559697
764649 312465
36096 417832
64424 50668
100159 543915
486937 555161
888597 771799
650653 570918
992057 614099
232924 763693
389861 851476
201863 8891
863852 296785
574206 841807
377051 699377
354765 772252
928842 968910
78840 800541
19172 395616
985230 50187
108177 179508
263082 486442
742317 186998
127345 852878
560619 374115
902482 85715
222849 248466
159669 203244
948916 764099
441955 87383
353726 921779
803209 589996
161654 764043
710694 424798
258529 811875
181689 976729
549823 954539
197004 628298
243768 340385
700327 887847
6728 937735
270476 299866
613153 859855
290615 345643
507397 645800
666452 232488
100655 871562
718187 62674
345265 961421
599082 984426
758299 294495
192613 421944
611159 894139
989727 393920
955250 928386
839603 348916
211135 522168
279160 5569
454543 826071
372892 323599
609334 781999
176634 104304
968907 443522
239300 209159
221556 518073
871549 278412
350940 459181
158375 311242
354844 686553
326677 773223
741474 304838
606598 561942
354861 65714
340359 957448
486091 892878
742181 437593
569238 559462
878403 310829
487615 160096
661134 744697
81495 552187
306471 739905
837497 443017
936571 208298
424980 404354
355295 475805
791706 262598
195617 816037
272861 1238
572365 111230
209925 34109
562028 202303
494670 259703
466509 904361
322211 948529
352333 534603
490797 212868
537954 520048
743365 130140
106427 391504
405042 923361
456802 295373
402519 836203
634678 165327
213745 375518
937840 23944
380175 217024
956100 777877
328534 818432
994097 144173
606911 476982
193715 264328
252625 982802
973672 852426
660592 91456
729206 163027
856945 359733
759696 869724
884006 118764
498697 696671
185169 224313
933120 155668
929074 524318
233772 770230
926975 205853
625078 553991
345256 688025
120425 714360
694088 971208
942761 250367
315527 328728
307117 352913
898285 133535
135595 864716
58987 844524
946347 648896
104916 299561
377270 103737
450670 654941
85388 573870
338128 951818
137177 608546
368699 537536
29693 218488
727610 418888
464474 576067
687204 205348
683200 857413
966995 600242
956273 856732
463819 522349
756281 991671
375896 710063
886785 779590
342924 322782
281424 714836
643774 399766
119152 545366
315028 235058
505096 73398
983446 349180
995580 60564
630143 854391
258291 355522
50162 344073
282075 660714
191428 547482
421847 687344
82920 28544
11043 656248
194590 447999
947416 121575
687640 290044
764433 264397
32451 993312
370582 732580
393523 550103
237174 926416
111522 438002
785041 740891
58985 277640
218076 450753
453461 102281
482965 538561
444917 111258
459559 863717
397973 839898
412873 555707
188973 962940
126839 907011
265516 280533
704895 9552
392871 201086
102455 567649
742660 381181
135428 182713
719478 270041
461023 666777
940135 593462
614434 381291
695417 438746
53350 69618
96532 705291
575007 434153
130644 422874
968289 580406
6607 267495
666572 773670
927860 857634
507669 992250
11851 719567
523556 214625
520825 812876
183892 749849
81039 590462
14199 186011
64385 248361
423584 453250
910679 949265
597216 374703
836436 963917
186011 862655
559102 422426
526874 899231
210802 200146
663952 952656
921442 282658
831185 535517
963677 222034
522877 721452
506200 711733
611590 535671
646917 374891
972793 412016
200230 115490
217889 700540
946650 627745
617293 891117
315953 292930
17483 460907
963273 935221
725353 543835
472195 932064
412520 888537
601828 903961
679261 691373
576836 733405
858087 990335
577352 875108
81888 717114
852728 322345
1983 197996
144579 72263
838488 134922
335927 427893
168643 179726
319173 299547
447530 510035
61699 67867
496842 29913
531051 475169
39076 420185
452624 374454
656699 214009
917006 90796
771570 861817
760058 115279
773249 580782
358094 898598
988331 641666
546337 335517
781424 608615
767742 152860
811318 88767
182979 892954
219921 305523
732240 919844
151448 69193
183480 56770
233906 286580
456673 568873
279422 986383
63605 962819
652006 673821
854460 349894
489676 597756
708039 990732
931336 555136
422532 67461
916154 287061
693348 854582
391848 12697
475677 815795
994374 551152
33908 541988
752216 816509
208962 859787
472633 946371
915363 223619
656483 71812
806227 501686
773963 81909
368312 462086
178539 971951
511226 340395
596985 368117
964574 505755
555650 41034
605813 609322
153759 890514
14779 145748
634648 82985
455468 641104
761803 841191
58349 950796
245157 631708
904564 850331
706905 960404
302809 324614
398409 631567
394946 453336
955334 874303
490602 361096
137931 833514
545731 391263
233186 640866
977923 683355
63332 441136
942273 31984
760256 661923
913853 633612
197727 316276
838368 351127
402295 796123
737852 573443
33057 308017
569092 645796
438104 946701
828170 10703
43347 791739
644000 642178
327195 106717
35013 806133
536419 466333
672246 387855
221156 924771
506666 181772
227148 695473
866825 65989
253486 754916
623302 783017
89046 181419
277816 771514
925214 570919
354783 762553
835305 253986
343147 446477
650749 648432
270129 933179
750404 497319
437553 718756
622422 444622
325671 180625
793636 797328
143768 110451
755278 307771
76490 121155
663428 943669
654223 704157
240956 387895
39009 553406
531758 53916
499554 877937
458163 131161
184172 359924
129505 854089
405187 57177
453024 704151
398475 21427
715835 333482
286336 40034
243205 516417
560030 337780
740292 816509
529397 473014
597990 694557
226567 689586
104430 100229
699177 633131
972684 976029
105948 636397
345534 949312
592592 400567
530953 705659
452660 864646
938468 302934
920940 49475
573020 769514
408163 212696
881382 845617
497036 128718
147069 793529
416062 378904
847298 618820
321957 452454
413304 307204
189938 707880
372974 138393
643855 653282
326374 709888
452618 744289
890839 211617
919792 712049
372201 330255
48690 751589
675222 593554
422578 59421
306208 639898
501630 450409
929175 914916
88526 876216
276884 667300
2642 772233
651712 603871
684371 770733
60340 738622
153645 812903
145528 265029
29500 216439
793074 536923
32677 550972
395240 336642
915552 307167
123604 740942
24873 50660
899498 932710
64377 207969
185270 736363
228316 202195
684162 872911
629590 236044
968941 483084
456513 685729
471554 65297
148117 267763
137789 408461
335982 635878
978874 56866
517919 489626
853892 305035
265425 800460
961506 472512
40498 572792
574849 255775
24628 870710
868532 355901
491046 379694
461726 561782
760976 478616
121811 429624
468057 425892
112762 686373
228299 182631
310594 232334
17214 826210
229464 757680
136332 40438
97365 574492
677766 581799
591682 767118
871636 578911
299423 247749
79261 741139
379441 295693
64676 619429
40635 431035
488381 736381
229657 341186
229198 363531
721526 535562
705331 712335
478672 210475
797145 854478
150440 665505
153663 451628
792814 76263
67878 401315
866409 896134
207308 253355
338507 150021
4131 350946
991076 29942
813817 443262
64595 436794
512723 38831
328652 450374
820106 785038
991451 223061
162816 677743
920530 341512
495295 981828
177163 894628
207822 73912
888217 926252
932561 486182
372501 640225
259064 390410
120924 279644
311919 600796
359737 408535
288100 17976
371713 913438
184173 234130
525812 675579
378337 526152
824111 120565
519074 245006
48928 988606
332665 337017
756298 561972
874086 382734
345232 386821
711999 73316
68904 770240
271169 390220
95029 662182
654919 28945
594445 334490
524171 593772
847371 14621
542330 894807
798600 164824
389457 526514
1702 496615
483244 986994
493419 906278
506523 819373
262141 923754
58085 19653
670125 465963
939598 953640
64498 382228
995867 874873
413521 834741
191544 965745
119813 694103
43041 927901
580549 111291
881379 578078
94508 241311
993736 774422
394725 980588
25193 726577
838613 450180
677769 641392
901257 200399
302446 270941
573792 329192
943840 67446
816502 656788
914591 178949
307937 325993
28519 972218
551228 85795
497728 864740
488101 680565
267241 711075
991712 367923
247920 316815
453528 359617
55001 782536
256396 597039
165048 609099
744022 505662
214262 78204
890994 84347
194034 854655
625251 450384
970635 344153
84972 570719
285454 840597
72808 983588
552464 917770
923410 215247
320949 72871
353309 231180
280858 656371
925820 853455
635026 108521
75575 668101
263778 593539
113295 809081
566552 137155
221467 168979
283676 732329
24943 96324
234818 570666
528722 407998
868802 472112
298469 68809
152415 906818
785926 617329
247486 735730
517719 628020
579958 756868
568205 855943
402059 451006
657845 513372
804707 660619
974576 309692
819520 383990
708807 356999
77781 7118
419568 343781
556102 935797
912332 872207
265900 507982
353572 988570
874787 868941
390217 25721
50199 39679
586944 59495
462066 679768
965304 74995
217395 921663
455808 142237
523993 262980
745859 772140
470389 795337
114471 910804
231526 505002
887881 813870
210128 984899
977380 955480
716936 745221
859342 792341
173516 871476
517817 222057
684200 221818
148165 171089
490773 681864
943086 855967
729754 724251
813119 513437
98251 955175
403830 887926
610174 802617
633481 95963
720705 142725
791171 194372
227196 897935
774047 405223
9400 261078
921192 497054
876620 779714
370304 368447
601625 201731
748865 85065
180160 72904
43704 510883
588356 259771
28735 805295
964090 739367
151471 172322
947436 880890
756135 885117
106868 340947
279639 425168
530181 589423
894442 791361
217114 214707
528685 802089
632114 960932
818039 801203
620161 660141
59796 438577
350887 149245
926421 864610
387976 606058
405076 616800
951533 652977
839570 734257
428487 57120
746576 805776
391723 12409
6182 468893
287187 661007
473270 667066
126152 810914
779214 643625
778624 877521
989989 868488
606897 364189
962020 100252
803479 677301
574269 7057
10765 629482
601972 739923
667605 13745
509533 727610
70048 778414
336804 368636
987068 129118
572718 537049
334924 625712
740854 6054
962081 554044
304650 339579
872740 327044
854922 849594
833561 477269
819480 470021
988634 15381
703887 424522
626311 375772
696394 535086
320643 605326
363727 933703
879470 656437
154517 430104
85479 509110
769867 461569
318372 372268
190869 612798
221526 19423
605479 545358
426023 941334
576927 640778
553846 448096
75760 730939
437299 548587
307368 110077
893369 155554
95962 646388
350540 615314
138010 976582
814118 951066
831459 275656
841918 839395
17415 355687
242459 72237
816659 521269
944029 996435
82091 645993
354186 569134
875704 690227
855077 204843
720560 473381
687072 969800
901959 62547
319010 22121
236678 47668
60617 57104
929107 412229
644905 124914
557460 343746
191968 980307
200565 136777
190832 288940
56927 538012
910873 852284
774183 628327
679588 184602
96816 833951
422197 152288
521869 178113
884358 740992
641827 155326
299701 438901
238426 607274
974474 300814
366680 259066
470026 353347
263620 598188
221454 747270
82454 304487
58621 624923
174489 246339
602087 288736
46849 460185
897243 319220
272685 69835
471410 430934
592452 141627
173615 660845
478043 317686
27798 686330
77904 23571
24760 120661
745152 961740
83131 231594
718105 508692
775108 321415
335742 589461
154968 395370
527965 454002
641845 245291
992451 107478
796793 452250
834466 46612
696454 422323
839453 615034
317292 732850
455747 581729
247094 180894
369238 749308
516458 596029
75902 5743
719443 841442
698599 460060
867588 593807
760994 59998
990410 926827
108261 252129
395521 972522
873280 771153
960006 842375
351211 802366
805711 220413
427814 565456
134851 668879
962323 119100
773941 63343
54492 381605
73261 810875
495864 23167
558761 779824
575763 957624
703280 608071
824838 579525
244796 239770
929483 864143
599021 895833
513033 703970
485330 140130
951043 223485
795253 38719
279130 175037
555598 89913
217219 140260
945756 780954
700519 567753
839075 321533
143319 260699
841610 805873
887405 894609
109031 924078
805546 621424
981696 481988
400767 679001
145228 274291
995985 36273
412428 255804
455496 231618
647207 310535
269612 900424
254341 48652
843798 960563
605769 115038
377931 854784
167147 591685
966195 947628
290268 539067
355828 526948
761109 43423
655537 53950
481651 727134
876756 472057
879207 389986
>>> 