1 10
100 200
201 210
900 1000
178379 106180
58354 87591
64755 81097
141730 69427
49518 61104
124449 28435
45464 195690
174787 97887
179849 40445
185124 153431
132671 49853
133967 40416
161993 4600
164142 13379
70832 185396
88943 95073
91431 196057
193294 33629
37094 106747
71437 148836
8798 109068
111754 74725
7149 149293
35233 78741
5880 149294
5542 18886
16114 182187
145949 54103
148196 183418
189098 64075
145113 74550
75289 84994
25066 178162
111163 150585
165353 74170
13254 267
112439 73539
149244 90499
196006 126969
54860 23689
100076 98348
38402 178956
34879 156606
174961 17032
69371 21810
11076 32200
163495 83960
141278 154772
142289 42233
142491 188431
116974 178331
458 155850
60792 60057
158600 121685
7481 72574
196062 23338
174565 120540
186357 62285
136350 96491
22108 115607
148569 57614
64788 3163
25477 154369
134972 55285
116657 24773
139797 148047
146778 104405
8360 177328
126858 154353
82854 123462
25392 70123
92718 152754
142913 112505
48850 39519
19510 94497
129409 191194
187011 154725
185670 82613
152211 107823
139176 63542
154087 175795
82561 57751
76725 120700
155398 21407
22569 72625
80982 71394
21379 121446
183650 58159
182897 71773
7234 139030
157971 157914
107951 137448
120494 61779
131792 923
103249 16427
98631 104260
89085 47985
163914 88657
180698 64669
117416 73775
73753 48924
114090 137955
99493 143750
190812 87010
95765 120536
39819 74032
35442 129230
109104 25187
25593 141119
154902 175677
24278 179390
90344 180185
199872 141013
100665 124246
105659 138005
90993 906
67305 164576
187644 148976
125353 85906
134401 16077
30062 170808
125511 99234
188763 128122
173839 70893
85719 147238
64947 63081
67237 41411
57206 114244
28500 155661
83876 188386
32439 182696
187667 156303
189076 192560
39280 193376
111748 173343
116798 170840
80873 152404
106206 29197
57226 125467
164256 19818
62466 1104
126029 97849
16193 125221
121873 146539
43844 3634
88313 102758
140161 57263
165465 119368
183371 47513
133816 89095
98130 13478
83130 44647
31882 56925
74250 81170
19489 52606
143182 157204
107225 68313
129015 100609
83562 154185
67071 62560
31528 55564
4625 35275
198954 87750
110144 82675
63353 168582
64633 169991
149288 81993
61340 134505
81954 75950
210 82191
100381 6704
148068 107654
18952 52173
183542 7934
70677 22418
12444 90258
173306 100647
139558 113252
199654 58789
12548 92232
191008 145066
5481 107085
143202 98856
190952 188318
166828 33861
115689 56968
196947 99875
70459 95230
185749 175385
86213 49569
4920 92165
19452 88661
190272 42345
23557 7582
181630 191401
69332 106483
45741 182743
40377 112621
184763 18049
41140 162995
50056 110232
81002 26723
64772 158689
165924 130036
87667 8700
170515 64215
52724 89444
102211 197216
14640 61929
84980 68379
56656 72153
83672 188233
89042 73760
52962 53001
1539 173399
118022 123537
148865 83786
122775 162096
28272 171813
132205 6209
124407 62229
116873 182296
110110 109874
153308 188469
26705 7216
61642 81686
137013 151385
79754 184008
112845 39587
67368 26420
95340 10109
184386 120053
75074 77549
166433 87590
181484 46019
10958 22570
187268 91018
163644 151291
27195 103349
78472 67080
3573 179412
521 133925
89250 37963
44717 91003
100330 14681
34465 122890
13484 155905
152986 125823
141553 132915
21137 38126
125641 56212
98016 118951
137588 95238
151753 70140
154227 37340
2438 103940
44098 150349
6350 20587
123992 174638
101199 179787
98773 3819
18182 35253
63878 18385
45201 24432
91415 135713
42865 188728
62300 67311
103621 84921
11796 103929
136364 104125
51031 86104
188512 99463
44398 154580
87649 89872
77224 165671
20761 177890
122305 158550
192273 164151
143184 146642
147486 10202
821 161767
35091 145063
135466 108007
144514 93876
49380 56169
80700 70457
107377 132060
57554 132909
57339 34983
41124 172903
49077 77020
122184 114871
138895 112943
191627 23653
33414 193667
69105 168788
119304 104653
22342 7669
44417 142228
138454 195427
4768 184136
182509 147395
184861 195840
94383 15103
98343 147928
81152 100731
169171 29433
197847 54301
93195 188414
198789 22512
71706 31534
50185 27142
175120 6386
110366 93651
173016 114210
149261 67718
95760 12024
76353 154713
186465 141470
86772 115782
191476 119705
92671 100075
102723 179892
154202 60902
19201 189987
80134 90144
140626 78880
73972 154106
110697 171526
59952 147221
161137 37191
116366 6137
49355 161076
96870 48345
152515 86843
126989 105624
56627 43167
97746 3301
55441 114725
167791 43691
193672 150612
32135 199549
23299 93805
155578 175641
168357 14306
26224 87946
164280 139129
173843 129113
169278 82176
171614 117992
12975 80834
25903 15946
163051 138101
117930 99805
69282 133858
87410 14568
141797 93296
140433 197310
99028 157057
112759 48646
182682 115243
35148 115924
127798 35499
156803 162646
148113 11833
66948 11730
110606 154581
163764 184310
169636 56616
32633 65683
82991 44326
11842 149684
116721 34359
114550 144674
10357 85273
178474 51500
60572 50905
113253 157733
95077 84845
108053 150776
10935 101273
140723 69322
153060 107772
75937 126055
78846 170031
28635 72121
114550 90686
13757 139877
180525 189415
178145 83336
37408 5151
150598 140701
35392 80954
40549 83064
19653 57988
9496 116352
16506 131757
117976 87399
196264 14111
117701 78038
15456 18281
180508 45880
65905 157833
184240 130364
134121 138688
40516 142932
183277 11785
72518 169265
8750 125341
14491 153454
186776 72590
195732 157814
37996 23921
46754 181335
181920 129697
75654 154813
162524 104696
99719 58604
93252 185123
1010 13985
4213 141673
55169 100125
75509 94980
11796 19863
50744 154278
198811 49731
122311 194219
87046 157665
64653 196704
152166 67461
14732 56399
6468 143024
121426 39325
4819 139983
24740 14288
127592 74737
23800 63327
179943 153561
25373 152278
179581 82562
172773 96852
40776 113317
104717 134442
47583 148550
30813 138590
42579 118278
163808 169093
65547 151774
96980 18179
186131 22649
18213 42940
67605 140921
9363 34829
195558 1485
33415 182478
45940 51724
136420 194603
37902 185769
120513 48866
160217 49877
189077 134087
33300 49247
89275 45
99167 77199
146151 195900
14613 178117
76295 46739
134343 17980
138768 75852
132283 156676
59876 46387
152021 37102
6039 103554
21866 167469
121412 27672
101306 104112
78618 54822
31187 131189
108791 198047
47791 9692
99776 65691
166140 54767
65939 2090
89529 112073
173551 40153
176699 181241
121862 188463
53158 49215
58712 20531
65834 624
199858 115622
84775 16754
4529 69198
24323 159126
26176 130067
40409 154503
87733 111672
82613 123146
77996 172035
128642 18036
71757 172233
32046 91125
153552 144944
7798 60348
48495 64690
77686 56749
82430 116873
1285 190687
109044 47878
156411 165148
65491 24316
72386 56044
80771 194743
106184 166286
171466 58157
124150 166524
185770 54260
4333 176183
76421 145484
177478 178304
25715 94010
8371 35392
10458 164000
117776 87727
195239 136093
133513 196733
149330 122531
158686 91003
90647 112740
64758 123472
164457 108934
192397 157218
166478 1468
89012 87464
2439 176652
17204 11352
87987 6463
84154 43567
97290 131772
99702 47365
118216 151278
159289 110411
22529 150560
83889 168021
103468 91285
36030 109550
158826 59837
74523 118897
107601 61620
16646 139117
1206 71812
130950 186195
39439 52247
110437 160012
114186 96762
61074 118642
3370 153203
41203 125411
1534 168873
91315 146982
69818 153255
2324 86892
148308 92930
91315 147456
66861 133984
62267 117124
186069 53811
38295 26455
68263 38403
47878 119616
57985 77610
161794 62223
141000 60871
190206 34227
171914 72646
173127 32589
148632 164605
176727 84578
112417 139931
81994 142841
137956 138645
94251 47563
78005 20881
90437 97297
67256 188288
130209 91036
127607 43585
79892 33254
198833 152165
53983 13211
36371 131110
33940 132033
131648 58210
131942 85348
76495 177176
107932 45190
83963 121245
68792 40488
136857 45445
98981 122072
114627 186270
45817 160939
93914 111645
10432 149273
63485 192576
107407 100249
196789 167543
181163 28413
151134 32540
104722 198953
149649 189163
193678 129733
46347 139580
62388 184706
48010 96150
15857 165759
129229 86428
194595 21486
122988 37186
116963 156934
140455 194011
145068 182169
187013 87466
80592 150698
151224 90013
127065 158995
93973 72433
14554 4271
16795 111676
70974 186955
130401 56486
16145 118944
50882 191243
68904 68660
108627 96138
16776 140438
5385 144022
178784 151339
134480 69419
123043 44102
130604 163530
144987 64161
138764 11354
119768 17313
154222 52110
23500 40164
147938 165291
27101 164203
121695 151966
156794 168443
159049 73711
55195 136162
95247 135175
119777 133564
186443 141345
100418 60078
140650 175983
95118 72194
14196 120985
144917 151318
35002 193938
25529 118591
37422 170475
184769 71983
121146 104068
165146 131637
5732 100438
55813 152987
46095 3516
97389 186528
145435 153394
77324 158954
112990 84382
155342 52477
132155 5441
105747 147724
94707 111313
164020 170104
158845 32845
171979 124712
142219 194538
93415 33091
54952 64417
10809 128321
53924 162381
199321 81370
45023 161145
117763 142317
21117 190894
131079 109394
122007 67530
110315 116535
14310 18073
129890 48071
126335 44505
14455 88691
192407 45387
4863 20519
180454 25666
87843 126786
162468 41314
98203 182677
84028 180606
142772 152390
138225 122707
14841 73294
105022 194299
25420 155235
140227 114162
108976 51759
167772 66332
48430 150425
28087 188494
142772 188647
59528 5683
36667 66412
2203 160241
8660 96215
86262 114463
71467 82511
161992 164803
7893 43719
89805 15308
161272 144028
157897 10131
58203 103154
127958 163261
10046 156501
168085 22011
71564 92460
185176 81718
101146 178425
148862 165552
98315 130631
157500 177540
39184 25462
82501 49787
70108 133908
56044 78057
23053 183724
73144 72442
134111 185828
110753 99071
99068 88740
15448 170405
148684 167595
128453 29151
60078 142143
165725 7567
188574 73832
185019 186609
39043 70026
33718 151538
190432 114400
88428 26277
64197 79210
10158 141832
78903 171292
138677 41200
109352 196320
82804 97678
43930 42206
137158 153709
175370 64812
4689 40078
182275 14384
194630 161895
168065 94060
60834 57407
129421 143702
78967 9033
183115 119979
102218 78704
17158 167190
126378 171432
144986 193035
89992 75558
191813 14378
134068 126771
86270 110152
133796 85000
188011 144400
191534 41
76099 51537
40807 23479
22916 120706
62914 13541
20643 190151
138158 135476
84664 144537
31988 95351
174820 73767
85988 153438
177779 91171
152542 106163
95611 77888
162482 23975
186039 41715
138432 143132
59076 22911
69418 136821
25779 66635
151807 26056
58151 60931
101538 42075
164829 149272
185761 175610
65712 28476
108541 161040
190841 188628
3778 87071
7307 147877
169317 163912
17672 121875
192110 155440
79189 35038
98483 146037
37566 95004
145875 185482
167251 54030
184976 77571
18142 21409
184000 53892
142641 81617
107479 77171
118403 75201
133748 56488
44220 179811
105616 62709
35210 97827
71055 179166
153415 154457
89571 81182
61999 15792
101984 134145
157184 152548
75829 14801
122025 180069
76894 24825
62302 189457
124455 117693
36170 199752
25606 132034
4917 171285
147374 158039
149132 64104
134618 40856
157171 78607
52071 130386
126812 81435
38408 164324
59974 195047
157346 36122
15638 88958
99641 123310
170061 64757
187652 150749
21128 39227
80818 177457
141457 100010
66333 124099
85689 162013
11422 190875
176791 185718
35485 173187
128054 146758
108920 121393
92339 198967
74823 174876
143337 130730
162454 49280
141836 64938
105746 25661
22663 134533
136398 160647
88290 92646
115084 156774
141672 47528
55657 113586
114573 184531
57311 134330
185628 120769
86747 101433
175056 74279
186294 171755
113867 51754
102236 177706
30719 189251
169589 27026
128399 35920
188160 20246
143839 164307
81772 79625
106486 155428
118244 173038
86293 190526
138319 172099
122754 196568
142379 129993
40973 171480
16638 100280
158435 47227
150201 190803
109371 156729
57918 137701
2926 11667
46771 163484
188897 42344
41517 13464
68262 114394
133139 158933
77348 102271
164094 92503
101632 197379
95342 135209
71180 115204
88119 32239
122523 88534
191068 165709
81440 113955
118148 193689
63763 102508
6149 131125
114437 53732
49014 175442
62090 161936
157957 130229
1098 58979
30068 83339
45960 86847
87436 179218
4963 68235
1685 53272
83025 147969
168059 172740
103958 176546
36089 181301
42843 68208
70944 65990
128742 105519
133506 58085
180628 44609
149164 169830
21253 185659
135164 109744
70138 110390
138167 169327
178182 170579
28668 10450
108001 20657
28364 29391
108857 173311
191996 131546
128375 165570
150120 70805
123179 135299
5415 191252
92712 142530
108191 120399
92228 34528
14138 30313
162068 130081
70461 57776
106916 7806
111589 50529
186054 141454
38205 78433
56870 124750
42008 190705
160979 102172
90707 56698
40301 75578
26 97348
519 137821
187098 84942
68778 166968
198798 72240
102217 120337
140995 105978
186514 152926
126680 122502
117492 185314
110210 43833
132520 73779
98582 25578
186970 121780
195419 61933
143965 96445
82322 134529
100660 58990
47152 185306
90692 93410
15719 61143
57334 42830
158865 128467
69451 134377
10203 166411
11075 99705
76388 15491
158999 62915
97708 147339
