1 10
100 200
201 210
900 1000
200 100
1 1
10 1
95194 15751
80819 44469
75568 26985
31044 91341
25363 74353
56329 29801
89822 10578
52406 99391
51 6605
9169 3339
9105 3142
8197 7224
1074 8244
7746 8860
9841 6817
2838 6842
3309 1495
2368 8264
1885 5851
9840 6812
6372 7622
9338 2819
6313 3112
2938 5225
7481 1359
968 7455
3426 9844
9165 3545
7190 6804
2400 1718
7479 7547
285 2722
1045 9719
2259 2029
2133 8731
7308 8580
4423 9303
160 8037
4882 7287
9643 9577
6411 5299
6112 2106
9957 2400
3175 655
2906 262
6805 998
2799 3460
3793 833
1049 11
5484 3337
3714 8227
2747 8184
7979 3290
6339 827
3171 3812
177 5280
243 4224
53 2395
8540 8391
177 4893
9729 9647
6824 163
2842 5790
3064 140
1510 3453
5993 5199
265 1280
509 1365
9316 9310
6982 6480
7664 4683
7749 7434
9731 1282
8570 839
1939 5645
4559 155
5206 1590
1973 9196
5952 8435
8802 1792
7632 9539
2256 2462
3335 4113
3881 134
9249 1771
7703 2109
9571 7068
9858 5321
9834 726
8411 4381
4221 245
5774 7440
2494 7450
4810 7214
7150 7592
3698 5620
1476 5
9605 5315
9359 6703
4021 846
2835 4006
2915 2000
9331 7674
7304 738
5680 4538
5012 5686
9264 9661
9266 479
1025 8178
5553 7580
7689 6338
9534 968
7758 2092
7019 704
8979 5494
4698 8565
729 9834
1261 8861
6017 1619
7030 9133
8868 2737
447 7805
6835 2811
9210 5422
1008 4509
8662 4880
966 7483
131 301
2353 2297
1331 7806
2093 8376
3547 8458
1921 5571
1768 9696
3384 7297
5675 7178
2942 3654
3926 3656
2829 921
8921 3256
2151 1000
6848 1093
9960 9917
493 1267
7552 2526
4280 3408
8355 4417
9489 9238
3901 3554
2369 7773
493 2000
9992 9309
2549 5396
7959 8341
5042 8387
2578 5220
73 9743
3994 9003
8467 9032
1066 9255
4727 4659
8811 6514
8414 3129
5399 2904
3131 8903
7026 6477
3622 8201
8480 6498
6750 8676
360 2703
5208 4831
1395 6729
92 701
6734 7949
2550 5996
7308 479
9732 2097
9916 9551
9308 2180
1181 4088
9514 9591
3785 4361
2159 6090
8958 2948
3274 8323
9006 4654
8621 9019
1795 2086
7328 8761
8667 5835
616 7200
3802 5950
9121 7897
387 1403
5276 799
9924 7558
8213 7901
2708 5451
2625 519
4996 7302
9078 9960
2266 2432
4534 9804
607 2794
3032 2683
8686 1179
9053 3762
1751 8741
9819 4570
3476 4469
9912 1714
7058 2556
7405 7690
7246 8389
7541 9
5052 461
6957 1781
2738 5319
6317 7526
6075 2598
4311 6368
4612 6640
9209 3177
1693 9667
3999 9836
3131 4977
5953 1388
1045 2949
9785 9774
1572 1661
4994 6058
9447 7669
4436 4852
2789 365
8019 8327
5363 7597
2932 4751
9751 3455
1582 6800
5743 792
4775 7509
3748 7877
2646 702
4135 593
5309 3105
1588 3806
6755 1597
60 9913
8228 157
9029 9784
5710 9803
6581 8756
3989 2101
7114 4811
7117 6996
9392 2933
7519 7648
1914 3838
4745 5241
4893 8612
4895 9346
946 6340
9108 3804
8184 6270
7544 1814
4452 4064
1894 9982
9906 7049
5316 6831
9990 238
4430 4661
3623 3342
8210 1999
2092 784
3601 4219
8398 9978
8880 9439
1538 6367
5422 141
499 5452
9030 4029
5852 1786
9668 7139
7128 6541
656 4893
6311 307
8527 6156
6300 4094
5904 4221
8028 7186
5832 2127
8333 6432
5331 2604
5603 4678
436 8513
2056 4633
6506 6455
2559 5347
5534 4558
8972 7195
7165 5925
8931 9767
8631 6654
8402 9572
2587 2707
2614 2655
8083 3615
6096 9939
7327 6282
3359 6440
2273 8468
9827 9827
2590 8973
9542 4518
7000 8544
6564 3453
2063 7650
1528 2498
1033 7384
7963 5192
3304 2693
8186 1296
2939 6194
4852 5296
9524 3999
2858 8818
8593 7382
2574 772
8493 1475
3027 5396
4106 8234
35 8014
6818 827
833 5004
6796 9162
1890 6573
8745 6753
9984 1762
9828 6450
6483 7372
1076 7375
1797 8628
9736 1180
2053 1885
8724 3355
5301 70
4415 7834
6525 4707
3774 6089
2428 4684
1274 4362
2528 7401
8015 9464
5247 2801
3375 7135
5049 1104
4815 1549
4934 969
4319 8252
6231 9790
618 2310
1179 5535
4388 8304
8363 2529
4193 2260
4239 5598
4532 2761
2542 9736
7606 6015
2485 2235
7722 4176
7229 3333
8087 732
2330 5683
23 8620
3053 2255
9328 2393
5665 2432
5801 5079
1326 9415
6417 4542
3683 7901
8022 1655
859 9827
890 393
1404 8538
9084 1622
2253 3606
5133 98
6316 2261
1332 7129
7457 4632
5109 9990
3482 435
336 7203
1599 6254
6875 5469
6075 4578
118 203
7988 9858
5001 3215
6819 9284
8246 1065
4839 9452
2619 9812
553 8855
345 7400
4005 1817
9379 9245
9893 5009
6598 1991
3958 5777
2215 6011
4640 5318
7422 9425
7492 462
5417 4053
3521 7943
2017 3166
2067 391
9522 614
451 2142
8734 7434
2410 6359
6226 6076
6222 5779
1706 1219
6892 7330
5941 4824
9179 7290
2517 6941
1855 8080
5856 882
6590 8526
5998 9637
8339 2855
7387 1837
1271 7311
1555 3785
1886 3049
5637 671
2087 9076
5121 2628
6239 7790
2366 6747
2751 4742
1990 3266
8440 7709
9100 4036
1545 3639
7975 4363
5941 1204
6050 3063
8703 458
4010 6692
8175 4149
6235 5721
5594 6722
7066 9566
1682 8668
7780 6180
8347 3180
9329 9081
4402 7440
196 7249
41 5454
9466 4493
2813 5154
5791 1122
7715 2193
1266 9153
2348 2510
2253 5417
1607 3285
1116 93
6826 1481
4506 3919
2194 4262
59 5275
6528 2042
9936 5973
169 4230
8679 9191
8208 3149
7099 7041
6918 487
1975 7386
7704 3557
5129 3339
5941 7222
2705 4713
4064 5404
7926 6712
1189 1094
8995 3445
6774 4831
3221 1931
1025 3405
9255 3125
702 671
6858 1856
8207 924
4509 7336
4244 3490
9355 4914
2589 3680
965 8964
5207 2627
9776 802
3180 5452
7901 6802
3182 25
9237 4071
2722 2051
7799 2705
2997 3346
4124 2077
7115 5446
7438 7493
3962 4302
5801 1756
679 4525
2483 4729
3194 2576
607 1833
1352 1908
7054 6802
3155 4710
6089 6759
4450 6449
5592 8369
7621 7720
7179 8928
2093 8858
9413 8948
274 3047
9241 7651
8308 666
7213 9440
223 4565
3804 8188
5615 2018
5137 1272
3202 4493
9755 7826
7574 602
7890 5551
9051 5761
7014 8552
1283 8844
3637 6916
8228 6366
1822 7875
5073 6778
259 8633
554 9234
2164 6756
9869 4148
9434 6682
2864 5492
3273 4549
4977 6011
6905 2951
2410 963
2688 7422
8069 4855
1226 1332
7239 9141
3176 962
5539 2798
7228 5280
6340 8205
9696 9975
9603 2871
7510 4289
1899 2068
7212 9715
1565 8744
1854 6762
1593 245
5175 5365
2539 3066
8951 7264
4144 1298
1232 6598
8010 3281
7488 2508
4182 5153
3694 6717
2529 4473
4064 9266
2341 3699
6045 6646
4849 3826
5937 5280
6514 8021
548 359
8497 8813
5409 8903
8212 7065
8777 4938
8429 6522
1844 2941
5793 918
6293 2625
1040 4773
4045 22
7219 7664
1142 4871
4347 265
426 5403
1440 9283
67 5816
7172 2952
9998 2500
5089 3497
7418 9974
5646 8396
5466 9304
5711 447
7960 1951
9013 56
9504 3604
871 8200
3624 3609
8184 7188
7698 8289
3879 2983
9257 2005
678 8792
5939 6844
5355 6352
897 7796
4137 8
7583 4199
7912 7276
6840 6333
6243 6592
1987 6473
2095 9308
2039 6133
6649 4612
2661 5756
2130 1611
6545 2836
2204 2312
6571 7602
1959 2451
4661 3255
4310 148
6792 4570
4599 7771
5166 5241
6450 5999
722 9495
5819 7877
158 340
5148 8439
358 419
9535 2271
1535 2918
3863 432
9425 6328
9783 9408
6567 892
3982 458
3605 2932
8716 3939
4604 4120
4863 7372
7264 425
6151 4450
4461 4571
4051 3079
5267 4861
2483 7136
8681 2203
6975 284
6802 1157
4475 254
6131 8850
5333 8581
3770 3999
566 333
669 8852
4936 4776
8550 9251
7774 5073
3964 5041
5300 1103
1188 4697
551 1174
8177 2888
286 2849
8759 9704
4446 6493
3559 5625
2214 470
4666 9323
9880 5499
7778 9833
3245 4048
1579 4035
2000 7181
7637 482
1276 1421
8009 9994
1856 6269
6409 7323
3219 6090
8347 1878
9897 3175
1266 5541
3324 6320
5706 1944
1411 8163
253 4253
7039 4239
9725 2907
9383 9076
5963 1095
4658 206
7451 5138
4976 669
5401 8411
3348 5640
5744 496
6425 1510
6416 8527
7607 4101
2567 9567
462 9281
745 4137
3322 50
4230 4716
3929 3327
95 1798
6949 6259
9299 8937
6563 9983
7987 6085
9993 892
8452 5892
7208 9633
76 1950
2684 9191
643 827
6398 5153
7936 8831
3222 7940
4690 8365
8712 2639
6805 6389
1490 6854
9058 8834
4427 1612
5878 3435
4615 3903
8204 5187
4700 4161
2763 7948
9386 4098
9223 6763
4187 1255
3599 1698
8516 8746
2798 3805
4662 7371
1930 2861
2967 6963
8910 8071
161 5897
5673 2263
8699 6714
1164 5286
5650 3865
3033 8283
2757 7250
2260 5688
5293 6820
2905 7034
5732 7045
5463 1109
9471 5946
7728 7946
8114 983
1947 5433
9160 2668
6383 6881
1647 2222
671 2722
528 7490
503 2978
5516 2495
5631 623
1288 9532
47 2489
1763 9231
3321 8240
1958 2810
9539 3714
6400 6334
2282 4150
2018 1126
200 1665
8459 4153
3754 2525
3569 4487
749 8991
2077 6909
5532 7777
1016 6825
5413 6433
7364 221
6609 4827
1726 5317
8261 2145
8078 8587
5694 7293
3272 5585
5867 2605
3704 8354
1059 4586
2460 9459
1143 1807
9543 3570
732 4499
5812 8982
2850 681
1156 1545
7879 5366
2728 3289
4882 4181
9309 9622
7001 4099
6319 1519
5786 5796
2577 1972
1559 4899
8654 628
5093 8227
8775 28
2101 7201
1018 4206
134 5792
4339 829
7295 9205
2902 5476
6127 5329
2824 6206
9862 334
1128 3009
4800 1358
7751 2473
7868 143
8083 9948
1620 621
1730 8683
1964 266
3084 537
8116 1681
3536 5978
6593 9871
4744 8118
3556 9126
6777 985
7948 2795
9233 6380
919 5435
5063 258
9612 5054
6098 365
4011 4469
5695 5353
7970 6199
4744 738
1253 7460
1537 8913
6063 2494
2878 6592
1595 6831
5243 1640
7776 3669
3748 9877
6532 3489
300 2689
5000 4094
9534 2777
2818 8871
3164 4059
7427 9778
2845 8675
2524 7440
62 6606
1216 8155
4852 9673
8648 3967
3366 2557
6772 8754
2176 5175
3611 2732
8148 1710
4635 510
8172 2146
4070 8596
9086 3975
6829 5361
3367 5375
6784 2038
3613 2359
2440 6596
6004 5241
4429 950
7794 3919
6581 1467
5975 7990
2853 4318
7737 5747
7333 7486
6183 9332
534 195
7703 2272
670 4247
7417 3675
7987 8882
9748 7380
2372 1316
6548 2934
7616 525
35 7386
472 8503
4456 7204
1822 7227
2217 1723
5931 3539
7796 2223
2021 1497
5564 9035
3588 5332
8595 1793
4280 2684
8059 736
6713 8852
1544 276
1230 3755
1138 6997
7650 1986
5821 6199
2386 2920
6385 7391
1924 6234
4594 7894
38 9953
6825 6728
1263 7644
8598 529
4783 1986
1889 7715
2874 3858
9339 4504
8515 5657
8787 639
2121 6304
6258 9056
8022 2594
5186 1061
8015 718
4045 974
3412 677
7404 2952
7296 3398
6888 4393
8527 6892
7568 3934
6344 1521
6189 1551
8749 85
6083 617
4156 6746
9691 2219
8817 8594
5014 915
147 4001
9531 6827
6914 4644
773 6465
6109 105
1824 816
1654 8248
8437 9873
3832 2135
2842 9511
2421 7768
5173 2980
7370 5292
7518 2482
8275 5475
1354 2561
676 406
4474 1061
8229 1211
7926 965
4178 8094
6184 2395
5576 3388
8035 2197
7838 7017
4978 737
