1 10
100 200
201 210
900 1000
1 1
10 1
1 10 5 4
698068 783711
607562 213282
73610 153052
464736 634494
671692 211187
649630 924524
586782 79708
662392 225085
502218 969136
113695 595565
859462 600458
933190 168075
846213 4601
462042 97899
706143 342009
526828 405744
163707 144238
569110 14500
155879 24841
399726 343512
328305 467732
264048 983490
260498 965590
404553 777394
350520 886035
186959 288253
447331 438360
646794 843874
245046 733407
722038 501435
94148 912155
651977 512394
23859 313847
622983 684962
277994 493850
970950 964141
691408 757900
361004 531930
327157 918796
800152 970581
462179 574893
578340 261013
411083 509228
819132 256389
229974 507602
926555 564516
439703 100636
794826 979308
755122 850453
192638 812625
132150 3111
872264 316625
724497 434091
584504 253016
132410 274551
314050 863050
747353 312653
835349 702260
540825 897734
77921 250964
139064 740904
84752 28212
922341 681088
975303 167471
34988 852955
982497 247676
210332 480327
33752 605330
786119 729460
647389 760496
449546 353387
362217 818048
93439 573552
232408 80418
346964 307776
652972 602716
831500 936043
664960 24023
978532 884421
13464 618955
523181 833964
690458 528937
680630 172582
529213 156722
21674 200897
546360 465911
191509 916514
723139 163939
231487 446851
774118 626913
688726 371834
114928 672046
183295 25652
622848 385712
377882 527955
221014 21430
185028 723902
281781 989393
80099 849489
568289 494767
685639 718479
587559 252969
968181 971752
276949 365101
964618 44351
876520 614208
196507 357629
984558 924372
752001 456264
172072 469015
768313 158468
144029 567285
460052 380300
252558 725108
891203 810127
270894 459342
396787 157067
948559 528216
48377 73582
463332 154294
185088 864250
563626 811476
890040 359641
850382 667159
939931 753925
197629 952049
865539 621081
79273 553993
10635 428872
806544 374464
835038 53475
624807 557611
620063 423518
389504 320111
374787 183396
867932 67041
528301 572372
981890 377347
362953 202387
529761 233428
535347 740402
447865 432829
747872 110092
748870 621490
978841 537389
983091 775384
738517 136589
71299 537812
767409 14808
310798 240213
84959 342988
862418 354611
999613 753483
739518 856801
976210 449500
573934 55268
982508 596133
993904 997374
909032 446381
750104 745103
803764 153968
440218 505554
218134 646413
494681 846204
487612 276414
573092 374684
786211 605044
501265 339525
200744 972743
195624 52587
183559 699445
230068 874602
682681 72791
369250 28943
436266 405304
829681 325611
647101 677992
462726 645272
411885 460083
727713 787798
939386 430197
291813 983884
472766 550066
685810 482881
928222 343245
617754 544127
389328 761219
145228 392576
148001 816505
962295 598184
142911 485308
591895 361122
198408 625926
384502 290547
618079 532947
162769 67604
488387 784849
569176 632749
639841 727636
429320 905467
587669 723144
683566 785006
316445 15196
584571 184535
602739 350153
939254 570706
958068 157367
339337 703514
232253 346742
835517 23452
405479 832302
198632 224435
799327 206891
210301 654107
804519 981910
522035 582642
803915 745392
981173 216850
600692 792960
475972 810944
992899 744159
610855 319802
748537 46860
637659 552379
879747 128551
570129 168716
15502 886543
974845 30882
257394 732085
767392 230269
6755 583882
595428 383807
501752 707609
185405 73043
952035 566208
979504 669656
68150 566544
208502 561140
947977 110709
614755 919918
745584 423343
842784 855487
831193 694226
218682 700326
404031 532938
329030 605783
47964 745527
581351 889003
424201 274104
660491 195198
491476 754263
564508 243711
968628 721885
188321 552155
937429 51238
635809 889252
66728 908288
136712 585668
658409 748804
970282 947098
199239 268972
162325 834052
472152 594068
692915 63065
829028 676800
243116 595714
243518 912237
672318 754646
595527 287819
930808 426226
691987 937900
955330 580756
573251 484326
798386 147131
622008 395407
387316 225431
359121 912799
968771 162389
491098 48432
807478 817154
328971 727489
545860 23959
394623 750488
994995 563069
201362 450259
564190 275287
480603 833874
529057 401395
229268 677588
983477 532901
18510 802176
416780 396982
83248 501875
16377 653807
311434 778109
944260 940465
427317 443195
777907 714391
358764 427397
574178 649540
309731 163602
19687 735856
677294 720627
846088 322626
740031 800357
715880 313485
81722 668933
357561 354120
986873 994198
131612 155580
827977 412658
900674 69697
620726 945596
605198 707916
742243 298869
422402 602744
767824 18342
246708 576134
850274 596142
857880 894556
584085 234086
736077 373959
558774 720703
799937 827827
963332 865550
114577 94649
945561 133725
532599 49060
277197 49229
348530 431419
160010 767738
876511 235363
834724 442619
324668 9053
38977 335204
103719 216694
40577 754436
882638 387793
832471 344484
590910 382496
929573 800167
465898 591933
571928 15290
309985 965175
913296 219249
812912 547920
602653 851674
470570 947800
856944 658347
394811 577501
61681 298727
3121 558223
320067 330894
515277 155705
17454 167339
731999 186685
399887 740648
739522 107969
794977 437892
215239 451476
795835 898121
950614 576007
558093 708160
3266 163236
151904 293818
513502 711969
857128 807705
410408 63431
354843 250203
361392 521883
402985 412764
686413 321821
238364 921397
778734 632634
576710 254972
76933 833612
876087 946239
112013 421342
470028 13843
394016 788391
479784 347812
251311 131299
407462 603618
614054 825861
327044 765671
920661 153067
485761 464965
818493 476503
885760 716715
224999 125131
329741 247121
347102 841509
988507 378707
190318 575263
828029 998912
635030 940481
259122 952790
806193 325098
917033 552866
490037 739526
76409 61063
96798 436063
311016 451099
462453 279455
61788 578646
66778 179322
923355 45301
508182 355482
980335 78471
451124 465189
478634 688204
910301 753896
132820 92220
470590 362213
678567 380474
119212 435926
821825 676473
451525 553347
991288 447118
724693 13912
483592 367501
314065 156179
975872 878058
770898 526095
980325 600288
189163 714
915115 431822
67117 363639
402883 625108
996154 874615
668541 590406
359295 355852
144054 198897
689022 607626
969317 694194
642079 209198
537824 52680
955896 420518
760321 307536
671236 763598
134360 431442
279649 890085
117005 432394
494927 378454
675867 609053
605616 278215
792614 157445
831839 418415
22993 632884
39983 855549
575930 236850
787680 394952
720919 789781
916120 496736
808070 264564
56527 506773
314694 644404
663728 323295
722105 46398
775656 174388
945766 415885
1950 382113
451062 326955
732441 627060
739675 118313
621195 701549
822473 971137
318346 641701
830772 75380
712009 728493
971810 937297
631462 32358
920204 55608
572076 487544
470900 548743
468683 533851
113197 390883
262582 114635
421854 770885
32117 351861
364629 843711
503228 626848
348850 792342
901739 457432
40267 10921
438087 86468
275447 841071
521352 281287
559715 652095
217098 729585
146195 886420
969485 99277
913124 253716
138097 677933
150199 290373
257333 697922
71673 379075
278453 301061
445315 121760
906159 511672
899911 200615
975537 988503
502483 33984
991504 549474
79277 705894
997450 809614
986473 187510
410069 491950
927217 665572
342273 806894
870720 469646
186808 938269
901539 54784
487246 834100
938348 141585
712506 118912
147795 143821
955765 350761
286765 734490
947398 548736
886847 891055
988516 699632
875481 205783
727482 671992
858095 259789
404787 691004
978992 183572
284125 328277
583966 892101
578963 223591
672474 107323
544540 301255
808028 209290
233332 591454
593376 275245
528207 732446
84732 173849
760583 587034
488584 18360
154870 109038
10477 128004
571224 805120
852048 283432
566617 760739
428231 106150
501507 931322
848472 326528
997030 730075
593965 22
151976 595629
502453 590701
902088 53329
521955 393711
204557 702748
633703 327738
489710 779148
615531 440183
565515 326595
583573 366350
146724 871045
282920 190173
351110 482443
65976 212418
129460 863578
775548 989116
510065 633940
170945 778982
963592 286019
120915 598272
470719 230541
136741 107830
610387 258213
899659 667247
948174 19674
122545 951284
804830 291620
435039 90537
18308 266525
87968 633342
669088 315963
984711 299734
757101 63960
846777 926280
436378 838821
709367 1619
718287 268651
752269 501107
702865 982621
868678 461620
306607 150182
498702 20378
308357 294318
745412 805065
374329 690204
828951 172142
28153 584035
831314 414286
814833 674773
645697 555657
441671 252235
632820 706132
960344 53753
746501 645126
364176 36982
275070 78760
367436 531747
383232 438562
754444 606909
934765 91957
510088 168199
475130 653024
464223 993034
832034 9169
169316 915217
78158 630884
335829 305263
834711 361004
957369 426541
902438 317949
610427 404024
897251 628394
822197 908066
880918 14761
615172 186665
175984 419420
947841 232529
463729 829080
86563 396960
542227 624752
75402 949964
424417 480838
344208 615817
764328 174041
438540 923219
123015 857053
930869 737590
394059 8931
161655 427596
744793 922800
201401 797120
542449 440452
275160 592897
33142 768091
48540 580551
779634 583468
192430 987558
170413 644771
240764 23636
764544 652858
182937 751319
664179 595870
896917 730523
727213 626833
720380 559365
113086 765909
81361 546116
405457 441590
123692 970862
886070 645371
750114 281700
974936 701104
415730 306251
46303 72883
775070 609168
19777 810837
796765 427426
726563 971061
557635 495440
906419 531337
802333 47187
333934 9264
127183 55490
267220 603193
171322 27313
866796 549535
815980 214697
898966 561952
229682 716956
744547 99109
443427 480986
403534 253006
293717 868407
345514 592366
202397 527639
993655 132148
852360 646336
135326 468247
234814 513659
812201 264082
666343 759196
848008 668150
770344 331441
645220 288672
194791 299900
968377 129655
991247 647708
165692 771340
372369 695903
771810 710945
405641 846542
96753 277275
9015 802972
737405 964002
188322 401921
347490 549006
600502 858660
508597 421536
985655 376334
107552 140049
870897 207198
293977 937456
933652 563206
16717 394913
89422 360247
980503 504464
195194 744136
300750 966892
37209 208449
598011 865545
525825 326283
544854 213269
97255 255880
928246 356717
130823 382034
900405 880475
847153 274355
764292 603314
958703 475983
232424 89083
350115 700972
679054 893735
825868 567781
891606 774784
620735 447818
283659 17519
137230 263948
2984 535283
868291 847003
580978 722114
86389 844662
798605 855982
606605 201810
604618 6893
575681 839521
461201 801983
945613 898843
462124 117720
650148 728992
871286 945313
978617 892214
563038 109181
424669 948352
1727 310483
977541 588481
947679 697424
397406 315390
679616 439212
593831 240270
820037 237561
155756 343797
86261 377209
834218 366765
567650 707237
369093 211077
586258 668305
2556 395408
273412 532313
253507 119417
930554 517310
201070 395782
56988 213150
199928 697921
465515 789494
339344 476587
654744 541408
915376 488948
607398 57519
507226 90801
224354 919781
166808 523318
383379 545329
630763 367113
559552 436357
231869 105314
252919 316153
626424 641400
192753 580053
290607 394015
233372 783961
969251 865368
811815 855514
319353 374388
335182 294904
781690 649508
644200 201115
171198 582242
226888 86042
804205 122776
509672 665901
942265 4609
482909 452507
99003 717817
561489 754805
3755 958446
789584 471473
283963 112905
119299 712171
980901 318577
152391 335448
285843 501055
822130 479111
393108 614638
543500 164951
808778 393890
812046 869673
556852 514520
316252 655916
216899 270374
512845 206470
827110 930003
327838 62551
860401 698226
15646 923344
122730 529871
336927 146087
489568 809266
71008 174926
481722 955215
681713 189063
98969 868607
114330 713053
348828 438258
471762 277077
153639 183125
176637 638188
980499 209793
117452 306900
632228 185094
637481 264273
273810 303607
761062 419264
53451 18207
225836 296525
981513 474016
578114 135136
759664 269720
612534 738030
327618 980267
404996 101419
557660 685688
167663 842364
704198 393883
832515 492679
967365 18154
286822 535261
837121 481830
701869 279573
760536 33251
738956 622892
949941 884979
633141 490557
804108 307851
333244 381970
949769 898448
329437 27716
389134 938100
919327 440498
651076 607045
319209 828497
102200 232273
900697 602363
683682 221928
574692 435628
510886 797083
331651 968957
128294 637531
856952 956705
829454 568594
391845 669161
621218 323712
224686 248143
325451 548527
144671 544520
572514 6225
584128 593753
178662 453795
452563 59193
108991 10927
73362 533511
126462 861651
852212 260974
632598 19561
315970 190097
214347 230813
117798 237165
644055 191673
811450 933152
669764 925434
663367 172718
243988 955554
275531 844753
90403 914184
110116 666719
20796 372088
714665 919285
548366 825761
575470 156001
979388 720504
566998 237560
809779 981073
306910 439615
931360 188574
958970 987293
618639 752910
766120 720670
79238 45235
863380 107504
131282 338131
533419 793405
440774 835057
837677 67004
476105 204470
416429 966998
67167 265526
441355 337788
612305 221363
259126 564707
388574 59144
335303 842926
476933 909051
417312 448377
67494 202060
554547 19951
333948 41617
965891 565885
524137 220753
185805 116635
299940 96798
818447 435317
150096 455132
109472 847504
661626 412961
780038 354836
255943 676763
697603 366044
413943 356620
828239 96565
372500 690840
973041 589845
317022 567352
216227 943918
19841 474257
852116 289271
711475 130816
983792 684093
245032 555046
814280 631424
754210 855800
291915 877049
918298 997627
313196 427051
533512 144524
655347 844662
670841 825274
608077 314385
536818 323608
674891 410926
648103 114079
539884 904420
746659 443664
353329 485880
385614 435470
252711 248137
125623 204581
704307 603964
680320 245543
353406 707526
435091 103023
979948 945581
918195 458956
813686 914025
890107 419599
218244 898462
866663 231008
715992 690635
887807 234059
615314 64161
626632 540204
573628 626651
775507 554941
72469 773659
736332 336249
117764 69097
199104 67749
297429 129562
275733 646271
117560 459411
463599 656315
996455 569661
418891 837678