1 10
100 200
201 210
900 1000
200 100
855171 188050
140202 209944
468846 600033
237105 207951
605548 988143
187231 936112
221430 304337
39183 479796
877712 253047
732693 934129
478577 306107
922102 210376
690273 927209
788157 352423
824734 367952
488391 416839
705944 396394
187949 713670
523239 690299
728290 734975
765464 164496
19866 174595
54451 963754
404688 894695
100083 674081
913353 441359
177492 646269
353868 215917
399253 860544
881987 150353
886682 201910
375562 178162
281462 876653
820161 646023
187531 636399
757 254434
714689 312192
830008 301974
730399 571879
3606 48829
42593 303294
899336 86269
167077 395408
407051 311232
332216 160329
565756 32259
343518 805402
501714 838239
196539 584339
7574 648983
505899 183950
402757 768465
792596 404129
126760 504077
395373 913003
284039 387065
551651 794330
881704 772759
852329 661881
391205 787944
456901 584445
772347 263323
637956 126400
476403 572962
241054 584095
201016 309823
286624 258789
741688 730462
439625 303913
905426 917886
488837 99752
556419 285533
894690 676140
893681 884205
54699 66338
522962 350120
4925 256208
403196 569937
904208 330064
96473 742632
999840 758142
787048 108925
328853 143256
718129 71277
860895 217792
530154 413130
570278 290090
742270 823025
692142 456223
740649 832088
881095 381396
919877 672999
100896 101766
608276 75570
663298 88333
371259 258890
393421 64214
667634 624699
9101 295053
47076 764948
386130 852846
277 992335
650676 135008
984771 544154
177505 679854
433149 992582
937742 380952
309605 347193
273411 726659
893190 295682
43462 423928
526329 456844
418121 459471
816772 740335
871145 505046
561612 884864
506123 651490
376425 388444
119881 287391
919174 601362
510161 487396
269136 732700
154713 527510
130513 112339
488415 422915
688206 746450
216521 474816
680709 445463
804059 402987
16661 378591
58758 71526
648004 333545
143620 296577
1910 972382
43765 524819
316272 293273
452756 334786
568583 418522
592255 409955
946489 642036
573364 395709
950855 741735
47486 785653
996981 58001
500972 944144
446425 630185
256901 422689
440357 724286
163841 212916
282340 173916
58806 91823
856181 429148
41172 122069
761194 868283
501172 175631
827610 717581
243685 222359
737759 485202
8961 718822
627171 619550
982282 392825
281183 897092
736773 435998
139640 476767
937162 209943
133483 312746
896622 657620
222506 363963
573626 222394
506543 24088
526551 712005
719481 755818
892877 376186
607083 704755
370549 137789
684825 425375
988462 42704
628289 240895
711483 675309
404433 172879
133670 266139
25183 271084
425268 669491
295251 57841
624029 873523
585880 610126
112806 556455
141374 66449
615954 973863
121253 306480
414719 663040
690532 463225
861675 678118
386485 745799
542717 682977
162283 571024
674608 977662
242018 730654
801419 700996
134677 43871
615456 260292
332706 867494
102146 197969
492288 936482
960563 929308
528773 57016
553265 569591
544325 622507
133892 207478
460485 210652
507838 700791
974544 389472
807479 250644
354066 744886
363376 611490
285832 373272
661623 253646
681902 34651
608989 194806
721147 846261
746264 121620
726488 157132
19966 711682
174816 797973
266670 883738
256044 699286
232973 802813
448480 778213
178352 538331
21905 204471
678502 349197
911597 109318
784388 618999
268347 21787
358888 336386
112296 616287
199440 401234
190953 670970
517479 706284
947999 854134
405360 262340
843626 201991
723249 373331
146761 174708
67999 440786
911819 10485
278266 44902
136726 671476
813334 410709
181275 878714
115365 678878
266901 390101
492096 535866
331550 919561
913894 216893
73109 361010
740738 626076
562539 882126
203960 14070
542728 378842
68948 336331
718319 585621
683305 469138
813824 103309
539679 924165
496577 239360
542200 297836
714269 860166
194414 980179
444644 497800
970158 300081
599376 606272
696974 673249
210749 830564
973775 565325
420916 539404
954038 399408
493390 345685
654901 666533
227134 998062
974 394402
28255 716612
369894 630752
5820 373020
202627 99067
436281 846492
899975 382597
465915 236474
752276 157295
229843 20174
997645 699562
243263 159073
537555 521242
438903 849415
426602 561438
547150 352399
926373 255606
736243 814264
964133 985621
98913 336795
445347 730453
754079 734362
969828 814274
774928 166992
324540 327292
687750 950746
101162 661635
201690 841266
445032 390759
100544 708363
362524 93861
551547 1450
199308 887734
33838 682958
225088 873779
389999 243362
276683 228865
498538 868362
931830 383667
229541 251509
603631 629661
48025 856934
49518 568220
970866 651174
248541 974915
364905 139679
961071 431906
170620 325235
741672 589847
96108 859047
518505 569210
198999 790602
764204 543267
392760 325021
212934 424481
612451 485419
972563 839865
734722 251293
400511 332184
651615 89853
745201 983085
448253 182
602639 723999
522112 873492
551637 912993
957822 791931
147409 28808
850670 472567
349849 525139
704362 948160
254711 872447
141042 580012
294781 433015
899805 680388
665638 24963
579569 770279
111880 438891
841039 754451
693279 581053
141610 299308
17138 339584
921198 580384
81183 293719
878203 218634
758824 682544
350136 926831
952734 680487
269703 204333
323944 882860
372648 928267
567647 980612
908912 872452
441259 813096
736495 484021
66077 550014
276065 725940
934898 408957
124418 168565
449403 159824
461039 930953
476355 897107
193242 770476
286239 210238
894021 505292
925042 735392
209348 810879
396702 798930
205547 904617
354201 16136
201231 1041
398393 147363
727152 827921
933331 346858
152652 901158
743639 944439
229181 43945
532130 303265
512126 343940
256386 468069
818914 142914
320847 183768
48896 472429
941411 573994
485388 7760
991277 107576
457121 379173
924551 305306
535517 476696
173226 568643
932078 42488
374306 51180
61211 2042
935831 449277
84508 555199
365749 112456
568590 624294
18645 370670
274878 743935
703609 479104
883013 242348
366994 880181
955514 861201
804878 641679
294267 38395
586603 615987
637340 927154
329126 539567
857147 632898
987742 542755
402022 651636
213926 587491
64346 388664
988180 568139
419029 476023
11703 977351
765084 223992
564980 582225
508008 32139
106603 850562
687804 115194
399198 12977
583488 582531
31718 986820
663780 684392
356994 340601
474606 207059
280514 186801
554722 293692
998173 737353
274918 128430
644379 968228
155514 211133
112809 494134
654055 961696
434708 474316
876979 850241
23746 885737
206318 422359
454487 634869
39196 293421
417749 979126
793089 721266
451699 519412
447803 786233
743501 326126
348822 517712
86286 714629
785406 360710
623182 836056
713944 578406
512416 747620
993981 605837
685397 582035
730597 306273
568793 4681
969007 667616
151140 941987
768502 45535
226794 214981
977556 318597
842175 996419
531659 834991
539220 807615
445149 976393
376591 574974
879752 333344
816239 459677
120099 211309
255637 406373
337797 314209
241700 388084
1991 825961
666111 741630
821854 776231
992357 563432
54317 17056
545590 153599
950146 268430
515874 355741
832533 807030
558844 64864
760722 486274
282258 356124
454386 778264
836454 98881
501569 599346
509405 244106
815200 416120
297440 886815
144465 922784
195470 326752
3791 965480
994148 34179
715775 407149
347053 400518
137616 461308
484134 655588
240821 126238
770439 765321
573986 614046
53624 168149
169813 760930
652524 739854
469093 869041
187521 896880
224743 715468
115100 265156
50919 761720
11600 866890
186857 215889
140367 998351
799293 717304
348778 448980
692955 752624
392788 364709
486273 826638
625476 275049
454360 970720
964917 444247
292441 767469
658708 388985
28604 149282
638701 994365
125341 94153
963927 14904
295529 634368
399235 486474
429106 897979
843989 898183
554285 966824
416734 579518
463109 850488
547696 949586
219790 304133
298524 334134
91272 383495
33089 409559
576341 712182
776216 268015
901668 891328
415087 387696
567899 878879
116180 483270
677907 209202
383778 733297
264051 623360
516513 175886
22877 734288
860835 126468
607288 746408
384554 403159
183126 289688
246465 1100
610275 779070
744390 141495
214352 745043
546184 745242
458525 56130
738524 13820
95171 695014
277860 325990
446198 599059
424277 738268
442363 311607
49568 158228
472061 418496
710160 51050
601125 556542
991151 135695
160752 872911
902129 352924
335010 861533
406445 798970
638075 657437
250742 272540
143682 417857
248965 307427
10914 331884
957216 201375
869580 828400
995220 783844
651678 253098
889867 897703
692873 213314
882230 272276
528170 500986
406727 578298
702587 367987
949075 700745
840105 667443
626170 44051
992811 48722
724767 770220
679205 907722
587360 32394
612983 583381
109448 717922
430912 721089
120191 562235
385101 720234
457773 168576
508040 736344
811471 350230
916976 55819
945798 679824
746593 647507
131451 110178
920058 35074
892079 42405
785355 808629
916755 993938
752347 76536
72223 73670
710457 729330
780549 869148
289553 18547
621500 607800
699103 527161
197877 117558
135940 127768
325831 502903
101824 13964
824179 734375
6463 225520
747540 394374
734189 211044
168 216920
100701 754694
356206 169172
365960 992104
435353 346049
929205 820223
506534 747073
204090 645786
421155 192217
505279 305589
880977 7399
71024 243693
534794 104141
44080 628818
401717 426777
545152 21937
808490 204307
569476 323539
253482 459464
441804 98240
591125 265127
835567 175352
878904 219858
368105 600229
650453 500258
77419 605145
251880 562366
587059 685228
976031 481053
414388 984188
802486 122120
910679 406556
2930 470326
869286 170102
997451 153715
863971 120591
278580 354084
972433 12831
616231 737225
951762 853934
270736 305451
374917 527725
236629 392997
741767 558619
920782 14049
388530 716438
150217 303945
305622 928699
625986 147609
916375 809600
283236 848535
140405 450080
998771 848669
450325 239663
562647 414381
443420 819157
480940 178014
451229 187626
192071 843636
494059 801178
20169 930109
684206 966306
386284 643120
412104 600976
580370 81088
998928 191596
724634 711599
575794 444407
872261 932101
97099 734441
753973 667486
97577 955608
631729 116378
655634 781373
771563 237239
532601 255639
467471 538591
575361 17338
77794 963798
39023 995791
881375 672398
649191 471870
311766 828861
699299 558521
28183 547548
366228 241831
718392 903925
454064 190841
836935 461999
242251 2016
338149 184737
182573 93203
39724 236035
901343 489783
855234 576412
244697 924127
117583 416051
867661 199568
808947 296338
843443 297392
634915 903010
611066 451973
911750 917616
52486 167316
310798 400886
977734 301502
126134 16327
606964 268572
678991 332487
500170 835400
783724 579567
915275 652998
977498 338119
144551 727760
218877 849130
411039 226789
62480 402571
543071 371481
625773 255497
24586 669085
15800 472904
455483 938204
745964 540446
424933 683169
13956 67969
835369 174221
911869 463794
545892 250077
514897 859199
837718 128811
514831 390332
159758 84656
473096 629832
494181 463646
780102 149410
181799 231670
635265 996099
345285 316298
526198 577740
589724 229098
403875 969897
878059 602156
935805 367446
12423 815155
586006 19169
771032 555194
744395 862972
772316 741481
752897 347637
931874 245879
313926 777205
635985 367339
253337 747944
277677 738621
698089 475906
531290 229675
247317 505669
889507 544024
936006 355224
569449 981338
648741 554567
103433 601469
957966 306879
306171 177375
339392 299895
656249 815381
393420 50679
882705 142298
85078 878688
725748 851359
552588 483706
742641 596007
159536 204758
612836 121009
770446 214420
392679 837675
889278 672315
420014 793339
580119 119796
493306 838202
362830 37737
321220 147610
809639 482005
844037 274544
556845 177665
171283 269473
824232 264205
508767 716165
831021 657938
147792 141112
779986 135120
755549 275624
50925 866179
649173 859624
139519 448856
108667 62523
521120 732666
825450 730213
760751 942483
931816 37270
630608 645557
942682 916553
252120 899543
324044 918921
318980 892729
212336 403978
26046 138576
490065 236427
288697 316627
382055 477773
47486 36611
699367 21760
452083 588145
144702 274916
788290 585750
876683 162508
50336 978798
10439 850383
787774 596146
391442 604815
634346 690858
243799 154517
581779 350015
804034 925856
457883 752480
47891 900674
190909 581275
521611 287212
39461 244813
352852 425861
189228 974720
887326 496149
432720 643597
517199 475964
277628 514601
691163 390112
773246 246394
665154 606340
814954 24692
701894 548055
272610 982547
562122 607963
166999 816957
151302 843549
446383 164590
327027 581738
759200 288025
840267 935487
45741 430622
335837 833064
934565 950352
75780 141800
561999 192808
80850 980004
491065 648427
914724 573212
817467 385008
364045 841721
167423 71557
327808 910409
256239 900547
577398 5928
85125 549557
499428 433894
88525 416877
465168 755469
53112 810961
276584 125043
736571 342942
362204 340131
176929 48413
721227 597805
392958 491382
992034 189048
520300 427236
336210 72991
303245 773596
360520 972314
900726 208654
189962 537626
629907 925448
815958 819847
788518 520685
91619 773008
370546 696152
453038 487323
875830 911356
996612 474135
987716 110553
732618 86275
220457 725927
399849 346721
817764 952805
73050 692033
519393 5649
743898 252976
68415 691500
361108 57279
872330 239324
430498 559032
69403 231991
36315 172579
689880 148960
160388 283898
931241 750261
608630 211722
899649 219401
85953 75605
255318 535954
615295 538631
643516 886896
814469 394165
814427 61743
461276 637815
926895 64899
938577 336253
558972 954108
760322 955293
988490 548215
940688 690334
989563 475919
197166 119563
810515 674664
953779 534325
486094 392196
975080 124295
636390 925229
611732 288652
839976 197475
350865 28253
237957 189724
279329 590732
287875 215134
738781 154776
17130 375467
679981 410302
640263 465366
208369 9173
854757 2846
493102 791409
235905 586728
647502 481388
886641 135133
976052 869868
486675 387349
493532 483269
661251 849387
793929 809091
269352 81271
